# UART(0-7) FEB(0-1) CHIP(0-7) CHANNEL(0-7) EC(0-3) PMT(A-D) ANODE(0-63)
0 0 0 0 3 D 37
0 0 0 1 3 D 45
0 0 0 2 3 D 38
0 0 0 3 3 D 46
0 0 0 4 3 D 39
0 0 0 5 3 D 47
0 0 0 6 3 D 40
0 0 0 7 3 D 48
0 0 1 0 3 D 64
0 0 1 1 3 D 56
0 0 1 2 3 D 63
0 0 1 3 3 D 55
0 0 1 4 3 D 62
0 0 1 5 3 D 54
0 0 1 6 3 D 61
0 0 1 7 3 D 53
0 0 2 0 3 D 41
0 0 2 1 3 D 33
0 0 2 2 3 D 42
0 0 2 3 3 D 34
0 0 2 4 3 D 43
0 0 2 5 3 D 35
0 0 2 6 3 D 36
0 0 2 7 3 D 44
0 0 3 0 3 D 52
0 0 3 1 3 D 60
0 0 3 2 3 D 51
0 0 3 3 3 D 59
0 0 3 4 3 D 50
0 0 3 5 3 D 58
0 0 3 6 3 D 49
0 0 3 7 3 D 57
0 0 4 0 3 A 30
0 0 4 1 3 A 29
0 0 4 2 3 A 21
0 0 4 3 3 A 22
0 0 4 4 3 A 13
0 0 4 5 3 A 14
0 0 4 6 3 A 5
0 0 4 7 3 A 6
0 0 5 0 3 A 8
0 0 5 1 3 A 7
0 0 5 2 3 A 16
0 0 5 3 3 A 15
0 0 5 4 3 A 24
0 0 5 5 3 A 23
0 0 5 6 3 A 32
0 0 5 7 3 A 31
0 0 6 0 3 A 62
0 0 6 1 3 A 61
0 0 6 2 3 A 54
0 0 6 3 3 A 53
0 0 6 4 3 A 46
0 0 6 5 3 A 45
0 0 6 6 3 A 38
0 0 6 7 3 A 37
0 0 7 0 3 A 39
0 0 7 1 3 A 40
0 0 7 2 3 A 47
0 0 7 3 3 A 48
0 0 7 4 3 A 55
0 0 7 5 3 A 56
0 0 7 6 3 A 63
0 0 7 7 3 A 64
0 1 0 0 3 D 13
0 1 0 1 3 D 5
0 1 0 2 3 D 14
0 1 0 3 3 D 6
0 1 0 4 3 D 15
0 1 0 5 3 D 7
0 1 0 6 3 D 16
0 1 0 7 3 D 8
0 1 1 0 3 D 24
0 1 1 1 3 D 32
0 1 1 2 3 D 23
0 1 1 3 3 D 31
0 1 1 4 3 D 22
0 1 1 5 3 D 30
0 1 1 6 3 D 21
0 1 1 7 3 D 29
0 1 2 0 3 D 1
0 1 2 1 3 D 9
0 1 2 2 3 D 2
0 1 2 3 3 D 10
0 1 2 4 3 D 3
0 1 2 5 3 D 11
0 1 2 6 3 D 4
0 1 2 7 3 D 12
0 1 3 0 3 D 20
0 1 3 1 3 D 28
0 1 3 2 3 D 27
0 1 3 3 3 D 19
0 1 3 4 3 D 26
0 1 3 5 3 D 18
0 1 3 6 3 D 25
0 1 3 7 3 D 17
0 1 4 0 3 A 26
0 1 4 1 3 A 25
0 1 4 2 3 A 18
0 1 4 3 3 A 17
0 1 4 4 3 A 10
0 1 4 5 3 A 9
0 1 4 6 3 A 2
0 1 4 7 3 A 1
0 1 5 0 3 A 3
0 1 5 1 3 A 4
0 1 5 2 3 A 11
0 1 5 3 3 A 12
0 1 5 4 3 A 19
0 1 5 5 3 A 20
0 1 5 6 3 A 28
0 1 5 7 3 A 27
0 1 6 0 3 A 57
0 1 6 1 3 A 58
0 1 6 2 3 A 49
0 1 6 3 3 A 50
0 1 6 4 3 A 41
0 1 6 5 3 A 42
0 1 6 6 3 A 33
0 1 6 7 3 A 34
0 1 7 0 3 A 36
0 1 7 1 3 A 35
0 1 7 2 3 A 44
0 1 7 3 3 A 43
0 1 7 4 3 A 52
0 1 7 5 3 A 51
0 1 7 6 3 A 60
0 1 7 7 3 A 59
1 0 0 0 0 D 37
1 0 0 1 0 D 45
1 0 0 2 0 D 38
1 0 0 3 0 D 46
1 0 0 4 0 D 39
1 0 0 5 0 D 47
1 0 0 6 0 D 40
1 0 0 7 0 D 48
1 0 1 0 0 D 64
1 0 1 1 0 D 56
1 0 1 2 0 D 63
1 0 1 3 0 D 55
1 0 1 4 0 D 62
1 0 1 5 0 D 54
1 0 1 6 0 D 61
1 0 1 7 0 D 53
1 0 2 0 0 D 41
1 0 2 1 0 D 33
1 0 2 2 0 D 42
1 0 2 3 0 D 34
1 0 2 4 0 D 43
1 0 2 5 0 D 35
1 0 2 6 0 D 36
1 0 2 7 0 D 44
1 0 3 0 0 D 52
1 0 3 1 0 D 60
1 0 3 2 0 D 51
1 0 3 3 0 D 59
1 0 3 4 0 D 50
1 0 3 5 0 D 58
1 0 3 6 0 D 49
1 0 3 7 0 D 57
1 0 4 0 0 A 30
1 0 4 1 0 A 29
1 0 4 2 0 A 21
1 0 4 3 0 A 22
1 0 4 4 0 A 13
1 0 4 5 0 A 14
1 0 4 6 0 A 5
1 0 4 7 0 A 6
1 0 5 0 0 A 8
1 0 5 1 0 A 7
1 0 5 2 0 A 16
1 0 5 3 0 A 15
1 0 5 4 0 A 24
1 0 5 5 0 A 23
1 0 5 6 0 A 32
1 0 5 7 0 A 31
1 0 6 0 0 A 62
1 0 6 1 0 A 61
1 0 6 2 0 A 54
1 0 6 3 0 A 53
1 0 6 4 0 A 46
1 0 6 5 0 A 45
1 0 6 6 0 A 38
1 0 6 7 0 A 37
1 0 7 0 0 A 39
1 0 7 1 0 A 40
1 0 7 2 0 A 47
1 0 7 3 0 A 48
1 0 7 4 0 A 55
1 0 7 5 0 A 56
1 0 7 6 0 A 63
1 0 7 7 0 A 64
1 1 0 0 0 D 13
1 1 0 1 0 D 5
1 1 0 2 0 D 14
1 1 0 3 0 D 6
1 1 0 4 0 D 15
1 1 0 5 0 D 7
1 1 0 6 0 D 16
1 1 0 7 0 D 8
1 1 1 0 0 D 24
1 1 1 1 0 D 32
1 1 1 2 0 D 23
1 1 1 3 0 D 31
1 1 1 4 0 D 22
1 1 1 5 0 D 30
1 1 1 6 0 D 21
1 1 1 7 0 D 29
1 1 2 0 0 D 1
1 1 2 1 0 D 9
1 1 2 2 0 D 2
1 1 2 3 0 D 10
1 1 2 4 0 D 3
1 1 2 5 0 D 11
1 1 2 6 0 D 4
1 1 2 7 0 D 12
1 1 3 0 0 D 20
1 1 3 1 0 D 28
1 1 3 2 0 D 27
1 1 3 3 0 D 19
1 1 3 4 0 D 26
1 1 3 5 0 D 18
1 1 3 6 0 D 25
1 1 3 7 0 D 17
1 1 4 0 0 A 26
1 1 4 1 0 A 25
1 1 4 2 0 A 18
1 1 4 3 0 A 17
1 1 4 4 0 A 10
1 1 4 5 0 A 9
1 1 4 6 0 A 2
1 1 4 7 0 A 1
1 1 5 0 0 A 3
1 1 5 1 0 A 4
1 1 5 2 0 A 11
1 1 5 3 0 A 12
1 1 5 4 0 A 19
1 1 5 5 0 A 20
1 1 5 6 0 A 28
1 1 5 7 0 A 27
1 1 6 0 0 A 57
1 1 6 1 0 A 58
1 1 6 2 0 A 49
1 1 6 3 0 A 50
1 1 6 4 0 A 41
1 1 6 5 0 A 42
1 1 6 6 0 A 33
1 1 6 7 0 A 34
1 1 7 0 0 A 36
1 1 7 1 0 A 35
1 1 7 2 0 A 44
1 1 7 3 0 A 43
1 1 7 4 0 A 52
1 1 7 5 0 A 51
1 1 7 6 0 A 60
1 1 7 7 0 A 59
2 0 0 0 0 C 39
2 0 0 1 0 C 40
2 0 0 2 0 C 47
2 0 0 3 0 C 48
2 0 0 4 0 C 55
2 0 0 5 0 C 56
2 0 0 6 0 C 63
2 0 0 7 0 C 64
2 0 1 0 0 C 62
2 0 1 1 0 C 61
2 0 1 2 0 C 54
2 0 1 3 0 C 53
2 0 1 4 0 C 46
2 0 1 5 0 C 45
2 0 1 6 0 C 38
2 0 1 7 0 C 37
2 0 2 0 0 C 8
2 0 2 1 0 C 7
2 0 2 2 0 C 16
2 0 2 3 0 C 15
2 0 2 4 0 C 24
2 0 2 5 0 C 23
2 0 2 6 0 C 32
2 0 2 7 0 C 31
2 0 3 0 0 C 30
2 0 3 1 0 C 29
2 0 3 2 0 C 21
2 0 3 3 0 C 22
2 0 3 4 0 C 13
2 0 3 5 0 C 14
2 0 3 6 0 C 5
2 0 3 7 0 C 6
2 0 4 0 0 B 52
2 0 4 1 0 B 60
2 0 4 2 0 B 51
2 0 4 3 0 B 59
2 0 4 4 0 B 50
2 0 4 5 0 B 58
2 0 4 6 0 B 49
2 0 4 7 0 B 57
2 0 5 0 0 B 41
2 0 5 1 0 B 33
2 0 5 2 0 B 42
2 0 5 3 0 B 34
2 0 5 4 0 B 43
2 0 5 5 0 B 35
2 0 5 6 0 B 36
2 0 5 7 0 B 44
2 0 6 0 0 B 64
2 0 6 1 0 B 56
2 0 6 2 0 B 63
2 0 6 3 0 B 55
2 0 6 4 0 B 62
2 0 6 5 0 B 54
2 0 6 6 0 B 61
2 0 6 7 0 B 53
2 0 7 0 0 B 37
2 0 7 1 0 B 45
2 0 7 2 0 B 38
2 0 7 3 0 B 46
2 0 7 4 0 B 39
2 0 7 5 0 B 47
2 0 7 6 0 B 40
2 0 7 7 0 B 48
2 1 0 0 0 C 36
2 1 0 1 0 C 35
2 1 0 2 0 C 44
2 1 0 3 0 C 43
2 1 0 4 0 C 52
2 1 0 5 0 C 51
2 1 0 6 0 C 60
2 1 0 7 0 C 59
2 1 1 0 0 C 57
2 1 1 1 0 C 58
2 1 1 2 0 C 49
2 1 1 3 0 C 50
2 1 1 4 0 C 41
2 1 1 5 0 C 42
2 1 1 6 0 C 33
2 1 1 7 0 C 34
2 1 2 0 0 C 3
2 1 2 1 0 C 4
2 1 2 2 0 C 11
2 1 2 3 0 C 12
2 1 2 4 0 C 19
2 1 2 5 0 C 20
2 1 2 6 0 C 28
2 1 2 7 0 C 27
2 1 3 0 0 C 26
2 1 3 1 0 C 25
2 1 3 2 0 C 18
2 1 3 3 0 C 17
2 1 3 4 0 C 10
2 1 3 5 0 C 9
2 1 3 6 0 C 2
2 1 3 7 0 C 1
2 1 4 0 0 B 20
2 1 4 1 0 B 28
2 1 4 2 0 B 27
2 1 4 3 0 B 19
2 1 4 4 0 B 26
2 1 4 5 0 B 18
2 1 4 6 0 B 25
2 1 4 7 0 B 17
2 1 5 0 0 B 1
2 1 5 1 0 B 9
2 1 5 2 0 B 2
2 1 5 3 0 B 10
2 1 5 4 0 B 3
2 1 5 5 0 B 11
2 1 5 6 0 B 4
2 1 5 7 0 B 12
2 1 6 0 0 B 24
2 1 6 1 0 B 32
2 1 6 2 0 B 23
2 1 6 3 0 B 31
2 1 6 4 0 B 22
2 1 6 5 0 B 30
2 1 6 6 0 B 21
2 1 6 7 0 B 29
2 1 7 0 0 B 13
2 1 7 1 0 B 5
2 1 7 2 0 B 14
2 1 7 3 0 B 6
2 1 7 4 0 B 15
2 1 7 5 0 B 7
2 1 7 6 0 B 16
2 1 7 7 0 B 8
3 0 0 0 3 C 39
3 0 0 1 3 C 40
3 0 0 2 3 C 47
3 0 0 3 3 C 48
3 0 0 4 3 C 55
3 0 0 5 3 C 56
3 0 0 6 3 C 63
3 0 0 7 3 C 64
3 0 1 0 3 C 62
3 0 1 1 3 C 61
3 0 1 2 3 C 54
3 0 1 3 3 C 53
3 0 1 4 3 C 46
3 0 1 5 3 C 45
3 0 1 6 3 C 38
3 0 1 7 3 C 37
3 0 2 0 3 C 8
3 0 2 1 3 C 7
3 0 2 2 3 C 16
3 0 2 3 3 C 15
3 0 2 4 3 C 24
3 0 2 5 3 C 23
3 0 2 6 3 C 32
3 0 2 7 3 C 31
3 0 3 0 3 C 30
3 0 3 1 3 C 29
3 0 3 2 3 C 21
3 0 3 3 3 C 22
3 0 3 4 3 C 13
3 0 3 5 3 C 14
3 0 3 6 3 C 5
3 0 3 7 3 C 6
3 0 4 0 3 B 52
3 0 4 1 3 B 60
3 0 4 2 3 B 51
3 0 4 3 3 B 59
3 0 4 4 3 B 50
3 0 4 5 3 B 58
3 0 4 6 3 B 49
3 0 4 7 3 B 57
3 0 5 0 3 B 41
3 0 5 1 3 B 33
3 0 5 2 3 B 42
3 0 5 3 3 B 34
3 0 5 4 3 B 43
3 0 5 5 3 B 35
3 0 5 6 3 B 36
3 0 5 7 3 B 44
3 0 6 0 3 B 64
3 0 6 1 3 B 56
3 0 6 2 3 B 63
3 0 6 3 3 B 55
3 0 6 4 3 B 62
3 0 6 5 3 B 54
3 0 6 6 3 B 61
3 0 6 7 3 B 53
3 0 7 0 3 B 37
3 0 7 1 3 B 45
3 0 7 2 3 B 38
3 0 7 3 3 B 46
3 0 7 4 3 B 39
3 0 7 5 3 B 47
3 0 7 6 3 B 40
3 0 7 7 3 B 48
3 1 0 0 3 C 36
3 1 0 1 3 C 35
3 1 0 2 3 C 44
3 1 0 3 3 C 43
3 1 0 4 3 C 52
3 1 0 5 3 C 51
3 1 0 6 3 C 60
3 1 0 7 3 C 59
3 1 1 0 3 C 57
3 1 1 1 3 C 58
3 1 1 2 3 C 49
3 1 1 3 3 C 50
3 1 1 4 3 C 41
3 1 1 5 3 C 42
3 1 1 6 3 C 33
3 1 1 7 3 C 34
3 1 2 0 3 C 3
3 1 2 1 3 C 4
3 1 2 2 3 C 11
3 1 2 3 3 C 12
3 1 2 4 3 C 19
3 1 2 5 3 C 20
3 1 2 6 3 C 28
3 1 2 7 3 C 27
3 1 3 0 3 C 26
3 1 3 1 3 C 25
3 1 3 2 3 C 18
3 1 3 3 3 C 17
3 1 3 4 3 C 10
3 1 3 5 3 C 9
3 1 3 6 3 C 2
3 1 3 7 3 C 1
3 1 4 0 3 B 20
3 1 4 1 3 B 28
3 1 4 2 3 B 27
3 1 4 3 3 B 19
3 1 4 4 3 B 26
3 1 4 5 3 B 18
3 1 4 6 3 B 25
3 1 4 7 3 B 17
3 1 5 0 3 B 1
3 1 5 1 3 B 9
3 1 5 2 3 B 2
3 1 5 3 3 B 10
3 1 5 4 3 B 3
3 1 5 5 3 B 11
3 1 5 6 3 B 4
3 1 5 7 3 B 12
3 1 6 0 3 B 24
3 1 6 1 3 B 32
3 1 6 2 3 B 23
3 1 6 3 3 B 31
3 1 6 4 3 B 22
3 1 6 5 3 B 30
3 1 6 6 3 B 21
3 1 6 7 3 B 29
3 1 7 0 3 B 13
3 1 7 1 3 B 5
3 1 7 2 3 B 14
3 1 7 3 3 B 6
3 1 7 4 3 B 15
3 1 7 5 3 B 7
3 1 7 6 3 B 16
3 1 7 7 3 B 8
4 0 0 0 2 D 37
4 0 0 1 2 D 45
4 0 0 2 2 D 38
4 0 0 3 2 D 46
4 0 0 4 2 D 39
4 0 0 5 2 D 47
4 0 0 6 2 D 40
4 0 0 7 2 D 48
4 0 1 0 2 D 64
4 0 1 1 2 D 56
4 0 1 2 2 D 63
4 0 1 3 2 D 55
4 0 1 4 2 D 62
4 0 1 5 2 D 54
4 0 1 6 2 D 61
4 0 1 7 2 D 53
4 0 2 0 2 D 41
4 0 2 1 2 D 33
4 0 2 2 2 D 42
4 0 2 3 2 D 34
4 0 2 4 2 D 43
4 0 2 5 2 D 35
4 0 2 6 2 D 36
4 0 2 7 2 D 44
4 0 3 0 2 D 52
4 0 3 1 2 D 60
4 0 3 2 2 D 51
4 0 3 3 2 D 59
4 0 3 4 2 D 50
4 0 3 5 2 D 58
4 0 3 6 2 D 49
4 0 3 7 2 D 57
4 0 4 0 2 A 30
4 0 4 1 2 A 29
4 0 4 2 2 A 21
4 0 4 3 2 A 22
4 0 4 4 2 A 13
4 0 4 5 2 A 14
4 0 4 6 2 A 5
4 0 4 7 2 A 6
4 0 5 0 2 A 8
4 0 5 1 2 A 7
4 0 5 2 2 A 16
4 0 5 3 2 A 15
4 0 5 4 2 A 24
4 0 5 5 2 A 23
4 0 5 6 2 A 32
4 0 5 7 2 A 31
4 0 6 0 2 A 62
4 0 6 1 2 A 61
4 0 6 2 2 A 54
4 0 6 3 2 A 53
4 0 6 4 2 A 46
4 0 6 5 2 A 45
4 0 6 6 2 A 38
4 0 6 7 2 A 37
4 0 7 0 2 A 39
4 0 7 1 2 A 40
4 0 7 2 2 A 47
4 0 7 3 2 A 48
4 0 7 4 2 A 55
4 0 7 5 2 A 56
4 0 7 6 2 A 63
4 0 7 7 2 A 64
4 1 0 0 2 D 13
4 1 0 1 2 D 5
4 1 0 2 2 D 14
4 1 0 3 2 D 6
4 1 0 4 2 D 15
4 1 0 5 2 D 7
4 1 0 6 2 D 16
4 1 0 7 2 D 8
4 1 1 0 2 D 24
4 1 1 1 2 D 32
4 1 1 2 2 D 23
4 1 1 3 2 D 31
4 1 1 4 2 D 22
4 1 1 5 2 D 30
4 1 1 6 2 D 21
4 1 1 7 2 D 29
4 1 2 0 2 D 1
4 1 2 1 2 D 9
4 1 2 2 2 D 2
4 1 2 3 2 D 10
4 1 2 4 2 D 3
4 1 2 5 2 D 11
4 1 2 6 2 D 4
4 1 2 7 2 D 12
4 1 3 0 2 D 20
4 1 3 1 2 D 28
4 1 3 2 2 D 27
4 1 3 3 2 D 19
4 1 3 4 2 D 26
4 1 3 5 2 D 18
4 1 3 6 2 D 25
4 1 3 7 2 D 17
4 1 4 0 2 A 26
4 1 4 1 2 A 25
4 1 4 2 2 A 18
4 1 4 3 2 A 17
4 1 4 4 2 A 10
4 1 4 5 2 A 9
4 1 4 6 2 A 2
4 1 4 7 2 A 1
4 1 5 0 2 A 3
4 1 5 1 2 A 4
4 1 5 2 2 A 11
4 1 5 3 2 A 12
4 1 5 4 2 A 19
4 1 5 5 2 A 20
4 1 5 6 2 A 28
4 1 5 7 2 A 27
4 1 6 0 2 A 57
4 1 6 1 2 A 58
4 1 6 2 2 A 49
4 1 6 3 2 A 50
4 1 6 4 2 A 41
4 1 6 5 2 A 42
4 1 6 6 2 A 33
4 1 6 7 2 A 34
4 1 7 0 2 A 36
4 1 7 1 2 A 35
4 1 7 2 2 A 44
4 1 7 3 2 A 43
4 1 7 4 2 A 52
4 1 7 5 2 A 51
4 1 7 6 2 A 60
4 1 7 7 2 A 59
5 0 0 0 1 D 37
5 0 0 1 1 D 45
5 0 0 2 1 D 38
5 0 0 3 1 D 46
5 0 0 4 1 D 39
5 0 0 5 1 D 47
5 0 0 6 1 D 40
5 0 0 7 1 D 48
5 0 1 0 1 D 64
5 0 1 1 1 D 56
5 0 1 2 1 D 63
5 0 1 3 1 D 55
5 0 1 4 1 D 62
5 0 1 5 1 D 54
5 0 1 6 1 D 61
5 0 1 7 1 D 53
5 0 2 0 1 D 41
5 0 2 1 1 D 33
5 0 2 2 1 D 42
5 0 2 3 1 D 34
5 0 2 4 1 D 43
5 0 2 5 1 D 35
5 0 2 6 1 D 36
5 0 2 7 1 D 44
5 0 3 0 1 D 52
5 0 3 1 1 D 60
5 0 3 2 1 D 51
5 0 3 3 1 D 59
5 0 3 4 1 D 50
5 0 3 5 1 D 58
5 0 3 6 1 D 49
5 0 3 7 1 D 57
5 0 4 0 1 A 30
5 0 4 1 1 A 29
5 0 4 2 1 A 21
5 0 4 3 1 A 22
5 0 4 4 1 A 13
5 0 4 5 1 A 14
5 0 4 6 1 A 5
5 0 4 7 1 A 6
5 0 5 0 1 A 8
5 0 5 1 1 A 7
5 0 5 2 1 A 16
5 0 5 3 1 A 15
5 0 5 4 1 A 24
5 0 5 5 1 A 23
5 0 5 6 1 A 32
5 0 5 7 1 A 31
5 0 6 0 1 A 62
5 0 6 1 1 A 61
5 0 6 2 1 A 54
5 0 6 3 1 A 53
5 0 6 4 1 A 46
5 0 6 5 1 A 45
5 0 6 6 1 A 38
5 0 6 7 1 A 37
5 0 7 0 1 A 39
5 0 7 1 1 A 40
5 0 7 2 1 A 47
5 0 7 3 1 A 48
5 0 7 4 1 A 55
5 0 7 5 1 A 56
5 0 7 6 1 A 63
5 0 7 7 1 A 64
5 1 0 0 1 D 13
5 1 0 1 1 D 5
5 1 0 2 1 D 14
5 1 0 3 1 D 6
5 1 0 4 1 D 15
5 1 0 5 1 D 7
5 1 0 6 1 D 16
5 1 0 7 1 D 8
5 1 1 0 1 D 24
5 1 1 1 1 D 32
5 1 1 2 1 D 23
5 1 1 3 1 D 31
5 1 1 4 1 D 22
5 1 1 5 1 D 30
5 1 1 6 1 D 21
5 1 1 7 1 D 29
5 1 2 0 1 D 1
5 1 2 1 1 D 9
5 1 2 2 1 D 2
5 1 2 3 1 D 10
5 1 2 4 1 D 3
5 1 2 5 1 D 11
5 1 2 6 1 D 4
5 1 2 7 1 D 12
5 1 3 0 1 D 20
5 1 3 1 1 D 28
5 1 3 2 1 D 27
5 1 3 3 1 D 19
5 1 3 4 1 D 26
5 1 3 5 1 D 18
5 1 3 6 1 D 25
5 1 3 7 1 D 17
5 1 4 0 1 A 26
5 1 4 1 1 A 25
5 1 4 2 1 A 18
5 1 4 3 1 A 17
5 1 4 4 1 A 10
5 1 4 5 1 A 9
5 1 4 6 1 A 2
5 1 4 7 1 A 1
5 1 5 0 1 A 3
5 1 5 1 1 A 4
5 1 5 2 1 A 11
5 1 5 3 1 A 12
5 1 5 4 1 A 19
5 1 5 5 1 A 20
5 1 5 6 1 A 28
5 1 5 7 1 A 27
5 1 6 0 1 A 57
5 1 6 1 1 A 58
5 1 6 2 1 A 49
5 1 6 3 1 A 50
5 1 6 4 1 A 41
5 1 6 5 1 A 42
5 1 6 6 1 A 33
5 1 6 7 1 A 34
5 1 7 0 1 A 36
5 1 7 1 1 A 35
5 1 7 2 1 A 44
5 1 7 3 1 A 43
5 1 7 4 1 A 52
5 1 7 5 1 A 51
5 1 7 6 1 A 60
5 1 7 7 1 A 59
6 0 0 0 1 C 39
6 0 0 1 1 C 40
6 0 0 2 1 C 47
6 0 0 3 1 C 48
6 0 0 4 1 C 55
6 0 0 5 1 C 56
6 0 0 6 1 C 63
6 0 0 7 1 C 64
6 0 1 0 1 C 62
6 0 1 1 1 C 61
6 0 1 2 1 C 54
6 0 1 3 1 C 53
6 0 1 4 1 C 46
6 0 1 5 1 C 45
6 0 1 6 1 C 38
6 0 1 7 1 C 37
6 0 2 0 1 C 8
6 0 2 1 1 C 7
6 0 2 2 1 C 16
6 0 2 3 1 C 15
6 0 2 4 1 C 24
6 0 2 5 1 C 23
6 0 2 6 1 C 32
6 0 2 7 1 C 31
6 0 3 0 1 C 30
6 0 3 1 1 C 29
6 0 3 2 1 C 21
6 0 3 3 1 C 22
6 0 3 4 1 C 13
6 0 3 5 1 C 14
6 0 3 6 1 C 5
6 0 3 7 1 C 6
6 0 4 0 1 B 52
6 0 4 1 1 B 60
6 0 4 2 1 B 51
6 0 4 3 1 B 59
6 0 4 4 1 B 50
6 0 4 5 1 B 58
6 0 4 6 1 B 49
6 0 4 7 1 B 57
6 0 5 0 1 B 41
6 0 5 1 1 B 33
6 0 5 2 1 B 42
6 0 5 3 1 B 34
6 0 5 4 1 B 43
6 0 5 5 1 B 35
6 0 5 6 1 B 36
6 0 5 7 1 B 44
6 0 6 0 1 B 64
6 0 6 1 1 B 56
6 0 6 2 1 B 63
6 0 6 3 1 B 55
6 0 6 4 1 B 62
6 0 6 5 1 B 54
6 0 6 6 1 B 61
6 0 6 7 1 B 53
6 0 7 0 1 B 37
6 0 7 1 1 B 45
6 0 7 2 1 B 38
6 0 7 3 1 B 46
6 0 7 4 1 B 39
6 0 7 5 1 B 47
6 0 7 6 1 B 40
6 0 7 7 1 B 48
6 1 0 0 1 C 36
6 1 0 1 1 C 35
6 1 0 2 1 C 44
6 1 0 3 1 C 43
6 1 0 4 1 C 52
6 1 0 5 1 C 51
6 1 0 6 1 C 60
6 1 0 7 1 C 59
6 1 1 0 1 C 57
6 1 1 1 1 C 58
6 1 1 2 1 C 49
6 1 1 3 1 C 50
6 1 1 4 1 C 41
6 1 1 5 1 C 42
6 1 1 6 1 C 33
6 1 1 7 1 C 34
6 1 2 0 1 C 3
6 1 2 1 1 C 4
6 1 2 2 1 C 11
6 1 2 3 1 C 12
6 1 2 4 1 C 19
6 1 2 5 1 C 20
6 1 2 6 1 C 28
6 1 2 7 1 C 27
6 1 3 0 1 C 26
6 1 3 1 1 C 25
6 1 3 2 1 C 18
6 1 3 3 1 C 17
6 1 3 4 1 C 10
6 1 3 5 1 C 9
6 1 3 6 1 C 2
6 1 3 7 1 C 1
6 1 4 0 1 B 20
6 1 4 1 1 B 28
6 1 4 2 1 B 27
6 1 4 3 1 B 19
6 1 4 4 1 B 26
6 1 4 5 1 B 18
6 1 4 6 1 B 25
6 1 4 7 1 B 17
6 1 5 0 1 B 1
6 1 5 1 1 B 9
6 1 5 2 1 B 2
6 1 5 3 1 B 10
6 1 5 4 1 B 3
6 1 5 5 1 B 11
6 1 5 6 1 B 4
6 1 5 7 1 B 12
6 1 6 0 1 B 24
6 1 6 1 1 B 32
6 1 6 2 1 B 23
6 1 6 3 1 B 31
6 1 6 4 1 B 22
6 1 6 5 1 B 30
6 1 6 6 1 B 21
6 1 6 7 1 B 29
6 1 7 0 1 B 13
6 1 7 1 1 B 5
6 1 7 2 1 B 14
6 1 7 3 1 B 6
6 1 7 4 1 B 15
6 1 7 5 1 B 7
6 1 7 6 1 B 16
6 1 7 7 1 B 8
7 0 0 0 2 C 39
7 0 0 1 2 C 40
7 0 0 2 2 C 47
7 0 0 3 2 C 48
7 0 0 4 2 C 55
7 0 0 5 2 C 56
7 0 0 6 2 C 63
7 0 0 7 2 C 64
7 0 1 0 2 C 62
7 0 1 1 2 C 61
7 0 1 2 2 C 54
7 0 1 3 2 C 53
7 0 1 4 2 C 46
7 0 1 5 2 C 45
7 0 1 6 2 C 38
7 0 1 7 2 C 37
7 0 2 0 2 C 8
7 0 2 1 2 C 7
7 0 2 2 2 C 16
7 0 2 3 2 C 15
7 0 2 4 2 C 24
7 0 2 5 2 C 23
7 0 2 6 2 C 32
7 0 2 7 2 C 31
7 0 3 0 2 C 30
7 0 3 1 2 C 29
7 0 3 2 2 C 21
7 0 3 3 2 C 22
7 0 3 4 2 C 13
7 0 3 5 2 C 14
7 0 3 6 2 C 5
7 0 3 7 2 C 6
7 0 4 0 2 B 52
7 0 4 1 2 B 60
7 0 4 2 2 B 51
7 0 4 3 2 B 59
7 0 4 4 2 B 50
7 0 4 5 2 B 58
7 0 4 6 2 B 49
7 0 4 7 2 B 57
7 0 5 0 2 B 41
7 0 5 1 2 B 33
7 0 5 2 2 B 42
7 0 5 3 2 B 34
7 0 5 4 2 B 43
7 0 5 5 2 B 35
7 0 5 6 2 B 36
7 0 5 7 2 B 44
7 0 6 0 2 B 64
7 0 6 1 2 B 56
7 0 6 2 2 B 63
7 0 6 3 2 B 55
7 0 6 4 2 B 62
7 0 6 5 2 B 54
7 0 6 6 2 B 61
7 0 6 7 2 B 53
7 0 7 0 2 B 37
7 0 7 1 2 B 45
7 0 7 2 2 B 38
7 0 7 3 2 B 46
7 0 7 4 2 B 39
7 0 7 5 2 B 47
7 0 7 6 2 B 40
7 0 7 7 2 B 48
7 1 0 0 2 C 36
7 1 0 1 2 C 35
7 1 0 2 2 C 44
7 1 0 3 2 C 43
7 1 0 4 2 C 52
7 1 0 5 2 C 51
7 1 0 6 2 C 60
7 1 0 7 2 C 59
7 1 1 0 2 C 57
7 1 1 1 2 C 58
7 1 1 2 2 C 49
7 1 1 3 2 C 50
7 1 1 4 2 C 41
7 1 1 5 2 C 42
7 1 1 6 2 C 33
7 1 1 7 2 C 34
7 1 2 0 2 C 3
7 1 2 1 2 C 4
7 1 2 2 2 C 11
7 1 2 3 2 C 12
7 1 2 4 2 C 19
7 1 2 5 2 C 20
7 1 2 6 2 C 28
7 1 2 7 2 C 27
7 1 3 0 2 C 26
7 1 3 1 2 C 25
7 1 3 2 2 C 18
7 1 3 3 2 C 17
7 1 3 4 2 C 10
7 1 3 5 2 C 9
7 1 3 6 2 C 2
7 1 3 7 2 C 1
7 1 4 0 2 B 20
7 1 4 1 2 B 28
7 1 4 2 2 B 27
7 1 4 3 2 B 19
7 1 4 4 2 B 26
7 1 4 5 2 B 18
7 1 4 6 2 B 25
7 1 4 7 2 B 17
7 1 5 0 2 B 1
7 1 5 1 2 B 9
7 1 5 2 2 B 2
7 1 5 3 2 B 10
7 1 5 4 2 B 3
7 1 5 5 2 B 11
7 1 5 6 2 B 4
7 1 5 7 2 B 12
7 1 6 0 2 B 24
7 1 6 1 2 B 32
7 1 6 2 2 B 23
7 1 6 3 2 B 31
7 1 6 4 2 B 22
7 1 6 5 2 B 30
7 1 6 6 2 B 21
7 1 6 7 2 B 29
7 1 7 0 2 B 13
7 1 7 1 2 B 5
7 1 7 2 2 B 14
7 1 7 3 2 B 6
7 1 7 4 2 B 15
7 1 7 5 2 B 7
7 1 7 6 2 B 16
7 1 7 7 2 B 8
