#LHCb RICH ECQA DCR
#DATE		HOUR
2019-10-12	02:32:21
#VOLTAGE[V]
1000
#NPULSES[k]
100
#FREQ[[kHz]
1
# THRESHOLD (if fixed, write hexadecimal value; if optimized, write configuration file name)
/home/labo/DATA/Load_0038_R_S2/THR_1000V_offset1_Opt_Thr.txt
#UART	FEB	CHIP	CHANNEL	Hit_Counts
0	0	0	0	88
0	0	0	1	109
0	0	0	2	74
0	0	0	3	102
0	0	0	4	56
0	0	0	5	77
0	0	0	6	115
0	0	0	7	111
0	0	1	0	838
0	0	1	1	254
0	0	1	2	1678
0	0	1	3	233
0	0	1	4	2931
0	0	1	5	424
0	0	1	6	2717
0	0	1	7	309
0	0	2	0	571
0	0	2	1	352
0	0	2	2	384
0	0	2	3	208
0	0	2	4	225
0	0	2	5	173
0	0	2	6	135
0	0	2	7	143
0	0	3	0	544
0	0	3	1	4834
0	0	3	2	1066
0	0	3	3	10337
0	0	3	4	2146
0	0	3	5	8627
0	0	3	6	2306
0	0	3	7	7953
0	0	4	0	151
0	0	4	1	191
0	0	4	2	281
0	0	4	3	217
0	0	4	4	534
0	0	4	5	885
0	0	4	6	9009
0	0	4	7	10969
0	0	5	0	3878
0	0	5	1	6376
0	0	5	2	804
0	0	5	3	1103
0	0	5	4	289
0	0	5	5	196
0	0	5	6	263
0	0	5	7	145
0	0	6	0	54921
0	0	6	1	45151
0	0	6	2	7975
0	0	6	3	2134
0	0	6	4	443
0	0	6	5	421
0	0	6	6	198
0	0	6	7	213
0	0	7	0	137
0	0	7	1	315
0	0	7	2	214
0	0	7	3	421
0	0	7	4	1186
0	0	7	5	1605
0	0	7	6	30630
0	0	7	7	10675
0	1	0	0	113
0	1	0	1	310
0	1	0	2	169
0	1	0	3	383
0	1	0	4	183
0	1	0	5	637
0	1	0	6	172
0	1	0	7	974
0	1	1	0	112
0	1	1	1	152
0	1	1	2	110
0	1	1	3	60
0	1	1	4	74
0	1	1	5	70
0	1	1	6	104
0	1	1	7	79
0	1	2	0	684
0	1	2	1	311
0	1	2	2	535
0	1	2	3	218
0	1	2	4	341
0	1	2	5	132
0	1	2	6	273
0	1	2	7	112
0	1	3	0	98
0	1	3	1	102
0	1	3	2	110
0	1	3	3	101
0	1	3	4	111
0	1	3	5	117
0	1	3	6	190
0	1	3	7	208
0	1	4	0	170
0	1	4	1	1845
0	1	4	2	159
0	1	4	3	1578
0	1	4	4	584
0	1	4	5	1375
0	1	4	6	11697
0	1	4	7	3984
0	1	5	0	16318
0	1	5	1	13794
0	1	5	2	826
0	1	5	3	562
0	1	5	4	183
0	1	5	5	545
0	1	5	6	206
0	1	5	7	222
0	1	6	0	9776
0	1	6	1	31001
0	1	6	2	3029
0	1	6	3	1510
0	1	6	4	2120
0	1	6	5	285
0	1	6	6	1931
0	1	6	7	186
0	1	7	0	251
0	1	7	1	246
0	1	7	2	433
0	1	7	3	334
0	1	7	4	1583
0	1	7	5	2685
0	1	7	6	36267
0	1	7	7	39896
1	0	0	0	73
1	0	0	1	77
1	0	0	2	75
1	0	0	3	78
1	0	0	4	52
1	0	0	5	90
1	0	0	6	72
1	0	0	7	85
1	0	1	0	122
1	0	1	1	205
1	0	1	2	272
1	0	1	3	6612
1	0	1	4	299
1	0	1	5	132
1	0	1	6	236
1	0	1	7	98
1	0	2	0	73
1	0	2	1	66
1	0	2	2	93
1	0	2	3	68
1	0	2	4	66
1	0	2	5	46
1	0	2	6	92
1	0	2	7	84
1	0	3	0	88
1	0	3	1	181
1	0	3	2	97
1	0	3	3	160
1	0	3	4	71
1	0	3	5	134
1	0	3	6	54
1	0	3	7	61
1	0	4	0	59
1	0	4	1	63
1	0	4	2	83
1	0	4	3	65
1	0	4	4	101
1	0	4	5	70
1	0	4	6	162
1	0	4	7	144
1	0	5	0	109
1	0	5	1	272
1	0	5	2	45
1	0	5	3	48
1	0	5	4	47
1	0	5	5	37
1	0	5	6	47
1	0	5	7	41
1	0	6	0	108
1	0	6	1	107
1	0	6	2	64
1	0	6	3	58
1	0	6	4	72
1	0	6	5	60
1	0	6	6	74
1	0	6	7	73
1	0	7	0	41
1	0	7	1	43
1	0	7	2	44
1	0	7	3	44
1	0	7	4	74
1	0	7	5	355
1	0	7	6	88
1	0	7	7	103
1	1	0	0	102
1	1	0	1	120
1	1	0	2	85
1	1	0	3	153
1	1	0	4	120
1	1	0	5	120
1	1	0	6	91
1	1	0	7	129
1	1	1	0	73
1	1	1	1	68
1	1	1	2	72
1	1	1	3	78
1	1	1	4	90
1	1	1	5	51
1	1	1	6	74
1	1	1	7	80
1	1	2	0	101
1	1	2	1	77
1	1	2	2	105
1	1	2	3	55
1	1	2	4	130
1	1	2	5	80
1	1	2	6	129
1	1	2	7	79
1	1	3	0	57
1	1	3	1	101
1	1	3	2	54
1	1	3	3	59
1	1	3	4	61
1	1	3	5	55
1	1	3	6	67
1	1	3	7	75
1	1	4	0	49
1	1	4	1	76
1	1	4	2	65
1	1	4	3	83
1	1	4	4	81
1	1	4	5	110
1	1	4	6	230
1	1	4	7	179
1	1	5	0	204
1	1	5	1	196
1	1	5	2	72
1	1	5	3	77
1	1	5	4	38
1	1	5	5	67
1	1	5	6	56
1	1	5	7	61
1	1	6	0	87
1	1	6	1	136
1	1	6	2	69
1	1	6	3	64
1	1	6	4	62
1	1	6	5	66
1	1	6	6	75
1	1	6	7	46
1	1	7	0	71
1	1	7	1	53
1	1	7	2	60
1	1	7	3	76
1	1	7	4	51
1	1	7	5	50
1	1	7	6	78
1	1	7	7	105
2	0	0	0	68
2	0	0	1	61
2	0	0	2	59
2	0	0	3	66
2	0	0	4	73
2	0	0	5	159
2	0	0	6	124
2	0	0	7	1137
2	0	1	0	133
2	0	1	1	116
2	0	1	2	73
2	0	1	3	97
2	0	1	4	95
2	0	1	5	102
2	0	1	6	99
2	0	1	7	114
2	0	2	0	108
2	0	2	1	149
2	0	2	2	61
2	0	2	3	65
2	0	2	4	54
2	0	2	5	56
2	0	2	6	55
2	0	2	7	71
2	0	3	0	81
2	0	3	1	103
2	0	3	2	89
2	0	3	3	82
2	0	3	4	136
2	0	3	5	104
2	0	3	6	169
2	0	3	7	179
2	0	4	0	119
2	0	4	1	627
2	0	4	2	135
2	0	4	3	917
2	0	4	4	173
2	0	4	5	779
2	0	4	6	158
2	0	4	7	264
2	0	5	0	188
2	0	5	1	143
2	0	5	2	58
2	0	5	3	42
2	0	5	4	49
2	0	5	5	60
2	0	5	6	48
2	0	5	7	58
2	0	6	0	124
2	0	6	1	92
2	0	6	2	264
2	0	6	3	82
2	0	6	4	397
2	0	6	5	115
2	0	6	6	381
2	0	6	7	97
2	0	7	0	40
2	0	7	1	47
2	0	7	2	31
2	0	7	3	45
2	0	7	4	190
2	0	7	5	50
2	0	7	6	62
2	0	7	7	58
2	1	0	0	85
2	1	0	1	129
2	1	0	2	88
2	1	0	3	53
2	1	0	4	81
2	1	0	5	44
2	1	0	6	100
2	1	0	7	130
2	1	1	0	139
2	1	1	1	112
2	1	1	2	71
2	1	1	3	57
2	1	1	4	51
2	1	1	5	50
2	1	1	6	70
2	1	1	7	41
2	1	2	0	232
2	1	2	1	187
2	1	2	2	66
2	1	2	3	88
2	1	2	4	76
2	1	2	5	101
2	1	2	6	195
2	1	2	7	69
2	1	3	0	47
2	1	3	1	53
2	1	3	2	84
2	1	3	3	62
2	1	3	4	86
2	1	3	5	57
2	1	3	6	148
2	1	3	7	114
2	1	4	0	47
2	1	4	1	43
2	1	4	2	39
2	1	4	3	57
2	1	4	4	38
2	1	4	5	49
2	1	4	6	179
2	1	4	7	179
2	1	5	0	530
2	1	5	1	211
2	1	5	2	765
2	1	5	3	103
2	1	5	4	992
2	1	5	5	104
2	1	5	6	854
2	1	5	7	93
2	1	6	0	73
2	1	6	1	52
2	1	6	2	55
2	1	6	3	30
2	1	6	4	38
2	1	6	5	40
2	1	6	6	45
2	1	6	7	39
2	1	7	0	71
2	1	7	1	489
2	1	7	2	102
2	1	7	3	604
2	1	7	4	69
2	1	7	5	350
2	1	7	6	58
2	1	7	7	208
3	0	0	0	145
3	0	0	1	244
3	0	0	2	189
3	0	0	3	297
3	0	0	4	431
3	0	0	5	1031
3	0	0	6	1985
3	0	0	7	4067
3	0	1	0	1190
3	0	1	1	807
3	0	1	2	257
3	0	1	3	144
3	0	1	4	103
3	0	1	5	138
3	0	1	6	141
3	0	1	7	112
3	0	2	0	4089
3	0	2	1	1996
3	0	2	2	1016
3	0	2	3	577
3	0	2	4	372
3	0	2	5	231
3	0	2	6	288
3	0	2	7	199
3	0	3	0	171
3	0	3	1	143
3	0	3	2	155
3	0	3	3	177
3	0	3	4	258
3	0	3	5	357
3	0	3	6	803
3	0	3	7	1167
3	0	4	0	193
3	0	4	1	337
3	0	4	2	222
3	0	4	3	480
3	0	4	4	185
3	0	4	5	349
3	0	4	6	110
3	0	4	7	144
3	0	5	0	88
3	0	5	1	83
3	0	5	2	57
3	0	5	3	58
3	0	5	4	121
3	0	5	5	294
3	0	5	6	107
3	0	5	7	135
3	0	6	0	212
3	0	6	1	139
3	0	6	2	402
3	0	6	3	239
3	0	6	4	465
3	0	6	5	256
3	0	6	6	436
3	0	6	7	201
3	0	7	0	110
3	0	7	1	129
3	0	7	2	95
3	0	7	3	96
3	0	7	4	115
3	0	7	5	147
3	0	7	6	97
3	0	7	7	108
3	1	0	0	114
3	1	0	1	97
3	1	0	2	107
3	1	0	3	75
3	1	0	4	121
3	1	0	5	126
3	1	0	6	511
3	1	0	7	539
3	1	1	0	485
3	1	1	1	709
3	1	1	2	179
3	1	1	3	172
3	1	1	4	143
3	1	1	5	90
3	1	1	6	213
3	1	1	7	81
3	1	2	0	733
3	1	2	1	528
3	1	2	2	321
3	1	2	3	171
3	1	2	4	146
3	1	2	5	109
3	1	2	6	112
3	1	2	7	119
3	1	3	0	117
3	1	3	1	196
3	1	3	2	140
3	1	3	3	203
3	1	3	4	473
3	1	3	5	624
3	1	3	6	1685
3	1	3	7	1966
3	1	4	0	155
3	1	4	1	276
3	1	4	2	85
3	1	4	3	103
3	1	4	4	83
3	1	4	5	80
3	1	4	6	84
3	1	4	7	86
3	1	5	0	150
3	1	5	1	88
3	1	5	2	228
3	1	5	3	94
3	1	5	4	835
3	1	5	5	166
3	1	5	6	253
3	1	5	7	122
3	1	6	0	78
3	1	6	1	1385
3	1	6	2	116
3	1	6	3	80
3	1	6	4	83
3	1	6	5	86
3	1	6	6	92
3	1	6	7	104
3	1	7	0	168
3	1	7	1	280
3	1	7	2	127
3	1	7	3	327
3	1	7	4	119
3	1	7	5	305
3	1	7	6	129
3	1	7	7	307
4	0	0	0	195
4	0	0	1	205
4	0	0	2	151
4	0	0	3	164
4	0	0	4	113
4	0	0	5	146
4	0	0	6	155
4	0	0	7	142
4	0	1	0	941
4	0	1	1	289
4	0	1	2	1391
4	0	1	3	415
4	0	1	4	1045
4	0	1	5	466
4	0	1	6	627
4	0	1	7	354
4	0	2	0	134
4	0	2	1	174
4	0	2	2	114
4	0	2	3	110
4	0	2	4	126
4	0	2	5	136
4	0	2	6	145
4	0	2	7	192
4	0	3	0	215
4	0	3	1	426
4	0	3	2	243
4	0	3	3	451
4	0	3	4	222
4	0	3	5	648
4	0	3	6	263
4	0	3	7	562
4	0	4	0	64
4	0	4	1	86
4	0	4	2	98
4	0	4	3	71
4	0	4	4	703
4	0	4	5	263
4	0	4	6	491
4	0	4	7	885
4	0	5	0	192
4	0	5	1	367
4	0	5	2	859
4	0	5	3	122
4	0	5	4	115
4	0	5	5	94
4	0	5	6	98
4	0	5	7	79
4	0	6	0	612
4	0	6	1	604
4	0	6	2	287
4	0	6	3	107
4	0	6	4	2174
4	0	6	5	76
4	0	6	6	86
4	0	6	7	412
4	0	7	0	72
4	0	7	1	346
4	0	7	2	94
4	0	7	3	136
4	0	7	4	106
4	0	7	5	90
4	0	7	6	437
4	0	7	7	222
4	1	0	0	274
4	1	0	1	612
4	1	0	2	481
4	1	0	3	1028
4	1	0	4	876
4	1	0	5	2055
4	1	0	6	820
4	1	0	7	3079
4	1	1	0	259
4	1	1	1	168
4	1	1	2	238
4	1	1	3	137
4	1	1	4	181
4	1	1	5	213
4	1	1	6	161
4	1	1	7	186
4	1	2	0	1713
4	1	2	1	452
4	1	2	2	1281
4	1	2	3	371
4	1	2	4	561
4	1	2	5	234
4	1	2	6	416
4	1	2	7	178
4	1	3	0	132
4	1	3	1	163
4	1	3	2	127
4	1	3	3	208
4	1	3	4	116
4	1	3	5	152
4	1	3	6	162
4	1	3	7	199
4	1	4	0	80
4	1	4	1	66
4	1	4	2	2058
4	1	4	3	1915
4	1	4	4	91
4	1	4	5	109
4	1	4	6	227
4	1	4	7	289
4	1	5	0	309
4	1	5	1	264
4	1	5	2	82
4	1	5	3	96
4	1	5	4	99
4	1	5	5	54
4	1	5	6	1561
4	1	5	7	56
4	1	6	0	258
4	1	6	1	486
4	1	6	2	98
4	1	6	3	86
4	1	6	4	94
4	1	6	5	52
4	1	6	6	90
4	1	6	7	75
4	1	7	0	77
4	1	7	1	57
4	1	7	2	78
4	1	7	3	71
4	1	7	4	108
4	1	7	5	120
4	1	7	6	493
4	1	7	7	557
5	0	0	0	79
5	0	0	1	76
5	0	0	2	80
5	0	0	3	81
5	0	0	4	97
5	0	0	5	55
5	0	0	6	73
5	0	0	7	73
5	0	1	0	166
5	0	1	1	97
5	0	1	2	176
5	0	1	3	93
5	0	1	4	241
5	0	1	5	105
5	0	1	6	476
5	0	1	7	118
5	0	2	0	60
5	0	2	1	51
5	0	2	2	41
5	0	2	3	46
5	0	2	4	41
5	0	2	5	56
5	0	2	6	77
5	0	2	7	72
5	0	3	0	77
5	0	3	1	177
5	0	3	2	94
5	0	3	3	202
5	0	3	4	66
5	0	3	5	164
5	0	3	6	78
5	0	3	7	176
5	0	4	0	191
5	0	4	1	167
5	0	4	2	220
5	0	4	3	257
5	0	4	4	376
5	0	4	5	695
5	0	4	6	922
5	0	4	7	1629
5	0	5	0	4090
5	0	5	1	3245
5	0	5	2	1155
5	0	5	3	1253
5	0	5	4	324
5	0	5	5	355
5	0	5	6	232
5	0	5	7	229
5	0	6	0	2433
5	0	6	1	2284
5	0	6	2	512
5	0	6	3	360
5	0	6	4	157
5	0	6	5	148
5	0	6	6	133
5	0	6	7	132
5	0	7	0	122
5	0	7	1	161
5	0	7	2	119
5	0	7	3	138
5	0	7	4	238
5	0	7	5	203
5	0	7	6	1581
5	0	7	7	801
5	1	0	0	203
5	1	0	1	9659
5	1	0	2	201
5	1	0	3	983
5	1	0	4	89
5	1	0	5	442
5	1	0	6	78
5	1	0	7	149
5	1	1	0	70
5	1	1	1	66
5	1	1	2	61
5	1	1	3	67
5	1	1	4	59
5	1	1	5	78
5	1	1	6	110
5	1	1	7	84
5	1	2	0	165
5	1	2	1	58
5	1	2	2	421
5	1	2	3	53
5	1	2	4	327
5	1	2	5	104
5	1	2	6	285
5	1	2	7	98
5	1	3	0	92
5	1	3	1	82
5	1	3	2	95
5	1	3	3	110
5	1	3	4	66
5	1	3	5	40
5	1	3	6	67
5	1	3	7	51
5	1	4	0	153
5	1	4	1	229
5	1	4	2	190
5	1	4	3	253
5	1	4	4	402
5	1	4	5	621
5	1	4	6	1074
5	1	4	7	1473
5	1	5	0	592
5	1	5	1	489
5	1	5	2	383
5	1	5	3	214
5	1	5	4	165
5	1	5	5	170
5	1	5	6	146
5	1	5	7	129
5	1	6	0	1511
5	1	6	1	2936
5	1	6	2	452
5	1	6	3	334
5	1	6	4	230
5	1	6	5	161
5	1	6	6	200
5	1	6	7	128
5	1	7	0	139
5	1	7	1	128
5	1	7	2	139
5	1	7	3	264
5	1	7	4	328
5	1	7	5	397
5	1	7	6	2646
5	1	7	7	3447
6	0	0	0	82
6	0	0	1	157
6	0	0	2	53
6	0	0	3	56
6	0	0	4	52
6	0	0	5	76
6	0	0	6	125
6	0	0	7	94
6	0	1	0	204
6	0	1	1	243
6	0	1	2	71
6	0	1	3	93
6	0	1	4	54
6	0	1	5	61
6	0	1	6	72
6	0	1	7	78
6	0	2	0	83
6	0	2	1	90
6	0	2	2	57
6	0	2	3	58
6	0	2	4	126
6	0	2	5	261
6	0	2	6	45
6	0	2	7	67
6	0	3	0	80
6	0	3	1	64
6	0	3	2	54
6	0	3	3	63
6	0	3	4	71
6	0	3	5	67
6	0	3	6	127
6	0	3	7	140
6	0	4	0	80
6	0	4	1	114
6	0	4	2	70
6	0	4	3	116
6	0	4	4	75
6	0	4	5	143
6	0	4	6	88
6	0	4	7	104
6	0	5	0	74
6	0	5	1	79
6	0	5	2	79
6	0	5	3	69
6	0	5	4	75
6	0	5	5	84
6	0	5	6	93
6	0	5	7	99
6	0	6	0	115
6	0	6	1	59
6	0	6	2	133
6	0	6	3	56
6	0	6	4	159
6	0	6	5	66
6	0	6	6	159
6	0	6	7	88
6	0	7	0	98
6	0	7	1	88
6	0	7	2	71
6	0	7	3	62
6	0	7	4	48
6	0	7	5	53
6	0	7	6	62
6	0	7	7	56
6	1	0	0	53
6	1	0	1	79
6	1	0	2	64
6	1	0	3	54
6	1	0	4	73
6	1	0	5	69
6	1	0	6	267
6	1	0	7	299
6	1	1	0	147
6	1	1	1	1422
6	1	1	2	62
6	1	1	3	62
6	1	1	4	63
6	1	1	5	53
6	1	1	6	88
6	1	1	7	65
6	1	2	0	67
6	1	2	1	112
6	1	2	2	55
6	1	2	3	93
6	1	2	4	70
6	1	2	5	60
6	1	2	6	62
6	1	2	7	52
6	1	3	0	256
6	1	3	1	84
6	1	3	2	77
6	1	3	3	78
6	1	3	4	55
6	1	3	5	61
6	1	3	6	72
6	1	3	7	101
6	1	4	0	103
6	1	4	1	87
6	1	4	2	64
6	1	4	3	84
6	1	4	4	56
6	1	4	5	62
6	1	4	6	71
6	1	4	7	59
6	1	5	0	96
6	1	5	1	64
6	1	5	2	229
6	1	5	3	62
6	1	5	4	174
6	1	5	5	87
6	1	5	6	704
6	1	5	7	99
6	1	6	0	60
6	1	6	1	47
6	1	6	2	79
6	1	6	3	53
6	1	6	4	73
6	1	6	5	74
6	1	6	6	102
6	1	6	7	95
6	1	7	0	74
6	1	7	1	248
6	1	7	2	71
6	1	7	3	198
6	1	7	4	113
6	1	7	5	150
6	1	7	6	697
6	1	7	7	235
7	0	0	0	80
7	0	0	1	80
7	0	0	2	93
7	0	0	3	91
7	0	0	4	141
7	0	0	5	108
7	0	0	6	566
7	0	0	7	255
7	0	1	0	1017
7	0	1	1	1023
7	0	1	2	265
7	0	1	3	129
7	0	1	4	67
7	0	1	5	83
7	0	1	6	85
7	0	1	7	78
7	0	2	0	230
7	0	2	1	202
7	0	2	2	114
7	0	2	3	139
7	0	2	4	89
7	0	2	5	112
7	0	2	6	79
7	0	2	7	84
7	0	3	0	72
7	0	3	1	85
7	0	3	2	90
7	0	3	3	76
7	0	3	4	138
7	0	3	5	143
7	0	3	6	250
7	0	3	7	277
7	0	4	0	220
7	0	4	1	572
7	0	4	2	212
7	0	4	3	661
7	0	4	4	162
7	0	4	5	553
7	0	4	6	107
7	0	4	7	253
7	0	5	0	77
7	0	5	1	266
7	0	5	2	67
7	0	5	3	69
7	0	5	4	109
7	0	5	5	119
7	0	5	6	129
7	0	5	7	113
7	0	6	0	223
7	0	6	1	87
7	0	6	2	455
7	0	6	3	165
7	0	6	4	737
7	0	6	5	212
7	0	6	6	654
7	0	6	7	205
7	0	7	0	98
7	0	7	1	103
7	0	7	2	106
7	0	7	3	120
7	0	7	4	112
7	0	7	5	90
7	0	7	6	94
7	0	7	7	94
7	1	0	0	84
7	1	0	1	68
7	1	0	2	74
7	1	0	3	101
7	1	0	4	163
7	1	0	5	171
7	1	0	6	956
7	1	0	7	1183
7	1	1	0	255
7	1	1	1	886
7	1	1	2	153
7	1	1	3	166
7	1	1	4	155
7	1	1	5	94
7	1	1	6	101
7	1	1	7	82
7	1	2	0	302
7	1	2	1	240
7	1	2	2	203
7	1	2	3	137
7	1	2	4	79
7	1	2	5	99
7	1	2	6	81
7	1	2	7	70
7	1	3	0	86
7	1	3	1	93
7	1	3	2	110
7	1	3	3	111
7	1	3	4	198
7	1	3	5	176
7	1	3	6	546
7	1	3	7	668
7	1	4	0	128
7	1	4	1	113
7	1	4	2	119
7	1	4	3	101
7	1	4	4	90
7	1	4	5	114
7	1	4	6	86
7	1	4	7	91
7	1	5	0	192
7	1	5	1	150
7	1	5	2	329
7	1	5	3	135
7	1	5	4	427
7	1	5	5	139
7	1	5	6	353
7	1	5	7	141
7	1	6	0	111
7	1	6	1	75
7	1	6	2	78
7	1	6	3	67
7	1	6	4	103
7	1	6	5	91
7	1	6	6	139
7	1	6	7	113
7	1	7	0	177
7	1	7	1	428
7	1	7	2	172
7	1	7	3	447
7	1	7	4	135
7	1	7	5	413
7	1	7	6	199
7	1	7	7	727
