#LHCb RICH ECQA DCR
#DATE		HOUR
2019-08-07	09:44:39
#VOLTAGE[V]
1000
#NPULSES[k]
100
#FREQ[[kHz]
1
# THRESHOLD (if fixed, write hexadecimal value; if optimized, write configuration file name)
/home/labo/DATA/Load_0006_H_S2/THR_1000V_offset1_Opt_Thr.txt
#UART	FEB	CHIP	CHANNEL	Hit_Counts
0	0	0	0	225
0	0	0	1	221
0	0	0	2	0
0	0	0	3	0
0	0	0	4	0
0	0	0	5	341
0	0	0	6	0
0	0	0	7	295
0	0	1	0	442
0	0	1	1	0
0	0	1	2	425
0	0	1	3	0
0	0	1	4	0
0	0	1	5	0
0	0	1	6	270
0	0	1	7	212
0	0	2	0	250
0	0	2	1	0
0	0	2	2	264
0	0	2	3	0
0	0	2	4	235
0	0	2	5	0
0	0	2	6	264
0	0	2	7	0
0	0	3	0	0
0	0	3	1	277
0	0	3	2	0
0	0	3	3	235
0	0	3	4	0
0	0	3	5	262
0	0	3	6	0
0	0	3	7	248
0	0	4	0	0
0	0	4	1	178
0	0	4	2	0
0	0	4	3	224
0	0	4	4	0
0	0	4	5	246
0	0	4	6	0
0	0	4	7	265
0	0	5	0	254
0	0	5	1	0
0	0	5	2	237
0	0	5	3	0
0	0	5	4	238
0	0	5	5	0
0	0	5	6	242
0	0	5	7	0
0	0	6	0	549
0	0	6	1	0
0	0	6	2	387
0	0	6	3	0
0	0	6	4	0
0	0	6	5	0
0	0	6	6	187
0	0	6	7	230
0	0	7	0	207
0	0	7	1	211
0	0	7	2	0
0	0	7	3	0
0	0	7	4	0
0	0	7	5	376
0	0	7	6	0
0	0	7	7	314
0	1	0	0	208
0	1	0	1	232
0	1	0	2	0
0	1	0	3	0
0	1	0	4	0
0	1	0	5	297
0	1	0	6	0
0	1	0	7	331
0	1	1	0	304
0	1	1	1	0
0	1	1	2	352
0	1	1	3	0
0	1	1	4	0
0	1	1	5	0
0	1	1	6	250
0	1	1	7	254
0	1	2	0	256
0	1	2	1	0
0	1	2	2	248
0	1	2	3	0
0	1	2	4	241
0	1	2	5	0
0	1	2	6	208
0	1	2	7	0
0	1	3	0	0
0	1	3	1	247
0	1	3	2	0
0	1	3	3	222
0	1	3	4	0
0	1	3	5	226
0	1	3	6	0
0	1	3	7	246
0	1	4	0	0
0	1	4	1	246
0	1	4	2	0
0	1	4	3	210
0	1	4	4	0
0	1	4	5	205
0	1	4	6	0
0	1	4	7	175
0	1	5	0	235
0	1	5	1	0
0	1	5	2	260
0	1	5	3	0
0	1	5	4	245
0	1	5	5	0
0	1	5	6	265
0	1	5	7	0
0	1	6	0	581
0	1	6	1	0
0	1	6	2	889
0	1	6	3	0
0	1	6	4	0
0	1	6	5	0
0	1	6	6	219
0	1	6	7	201
0	1	7	0	224
0	1	7	1	257
0	1	7	2	0
0	1	7	3	0
0	1	7	4	0
0	1	7	5	1238
0	1	7	6	0
0	1	7	7	931
1	0	0	0	312
1	0	0	1	338
1	0	0	2	0
1	0	0	3	0
1	0	0	4	0
1	0	0	5	492
1	0	0	6	0
1	0	0	7	396
1	0	1	0	677
1	0	1	1	0
1	0	1	2	552
1	0	1	3	0
1	0	1	4	0
1	0	1	5	0
1	0	1	6	393
1	0	1	7	342
1	0	2	0	292
1	0	2	1	0
1	0	2	2	337
1	0	2	3	0
1	0	2	4	304
1	0	2	5	0
1	0	2	6	365
1	0	2	7	0
1	0	3	0	0
1	0	3	1	320
1	0	3	2	0
1	0	3	3	210
1	0	3	4	0
1	0	3	5	330
1	0	3	6	0
1	0	3	7	225
1	0	4	0	0
1	0	4	1	321
1	0	4	2	0
1	0	4	3	312
1	0	4	4	0
1	0	4	5	447
1	0	4	6	0
1	0	4	7	318
1	0	5	0	369
1	0	5	1	0
1	0	5	2	334
1	0	5	3	0
1	0	5	4	354
1	0	5	5	0
1	0	5	6	366
1	0	5	7	0
1	0	6	0	418
1	0	6	1	0
1	0	6	2	543
1	0	6	3	0
1	0	6	4	0
1	0	6	5	0
1	0	6	6	343
1	0	6	7	354
1	0	7	0	299
1	0	7	1	342
1	0	7	2	0
1	0	7	3	0
1	0	7	4	0
1	0	7	5	499
1	0	7	6	0
1	0	7	7	459
1	1	0	0	287
1	1	0	1	250
1	1	0	2	0
1	1	0	3	0
1	1	0	4	0
1	1	0	5	305
1	1	0	6	0
1	1	0	7	288
1	1	1	0	421
1	1	1	1	0
1	1	1	2	379
1	1	1	3	0
1	1	1	4	0
1	1	1	5	0
1	1	1	6	337
1	1	1	7	302
1	1	2	0	263
1	1	2	1	0
1	1	2	2	220
1	1	2	3	0
1	1	2	4	272
1	1	2	5	0
1	1	2	6	259
1	1	2	7	0
1	1	3	0	0
1	1	3	1	315
1	1	3	2	0
1	1	3	3	253
1	1	3	4	0
1	1	3	5	319
1	1	3	6	0
1	1	3	7	272
1	1	4	0	0
1	1	4	1	289
1	1	4	2	0
1	1	4	3	268
1	1	4	4	0
1	1	4	5	279
1	1	4	6	0
1	1	4	7	267
1	1	5	0	297
1	1	5	1	0
1	1	5	2	385
1	1	5	3	0
1	1	5	4	315
1	1	5	5	0
1	1	5	6	312
1	1	5	7	0
1	1	6	0	835
1	1	6	1	0
1	1	6	2	597
1	1	6	3	0
1	1	6	4	0
1	1	6	5	0
1	1	6	6	326
1	1	6	7	243
1	1	7	0	232
1	1	7	1	303
1	1	7	2	0
1	1	7	3	0
1	1	7	4	0
1	1	7	5	429
1	1	7	6	0
1	1	7	7	373
4	0	0	0	231
4	0	0	1	262
4	0	0	2	0
4	0	0	3	0
4	0	0	4	0
4	0	0	5	303
4	0	0	6	0
4	0	0	7	308
4	0	1	0	329
4	0	1	1	0
4	0	1	2	303
4	0	1	3	0
4	0	1	4	0
4	0	1	5	0
4	0	1	6	261
4	0	1	7	212
4	0	2	0	955
4	0	2	1	0
4	0	2	2	232
4	0	2	3	0
4	0	2	4	222
4	0	2	5	0
4	0	2	6	221
4	0	2	7	0
4	0	3	0	0
4	0	3	1	303
4	0	3	2	0
4	0	3	3	213
4	0	3	4	0
4	0	3	5	343
4	0	3	6	0
4	0	3	7	256
4	0	4	0	0
4	0	4	1	226
4	0	4	2	0
4	0	4	3	223
4	0	4	4	0
4	0	4	5	222
4	0	4	6	0
4	0	4	7	215
4	0	5	0	265
4	0	5	1	0
4	0	5	2	342
4	0	5	3	0
4	0	5	4	354
4	0	5	5	0
4	0	5	6	285
4	0	5	7	0
4	0	6	0	357
4	0	6	1	0
4	0	6	2	318
4	0	6	3	0
4	0	6	4	0
4	0	6	5	0
4	0	6	6	268
4	0	6	7	233
4	0	7	0	193
4	0	7	1	246
4	0	7	2	0
4	0	7	3	0
4	0	7	4	0
4	0	7	5	276
4	0	7	6	0
4	0	7	7	267
4	1	0	0	248
4	1	0	1	188
4	1	0	2	0
4	1	0	3	0
4	1	0	4	0
4	1	0	5	295
4	1	0	6	0
4	1	0	7	264
4	1	1	0	312
4	1	1	1	0
4	1	1	2	292
4	1	1	3	0
4	1	1	4	0
4	1	1	5	0
4	1	1	6	272
4	1	1	7	244
4	1	2	0	213
4	1	2	1	0
4	1	2	2	255
4	1	2	3	0
4	1	2	4	207
4	1	2	5	0
4	1	2	6	229
4	1	2	7	0
4	1	3	0	0
4	1	3	1	244
4	1	3	2	0
4	1	3	3	234
4	1	3	4	0
4	1	3	5	270
4	1	3	6	0
4	1	3	7	239
4	1	4	0	0
4	1	4	1	231
4	1	4	2	0
4	1	4	3	197
4	1	4	4	0
4	1	4	5	220
4	1	4	6	0
4	1	4	7	220
4	1	5	0	244
4	1	5	1	0
4	1	5	2	283
4	1	5	3	0
4	1	5	4	227
4	1	5	5	0
4	1	5	6	254
4	1	5	7	0
4	1	6	0	311
4	1	6	1	0
4	1	6	2	287
4	1	6	3	0
4	1	6	4	0
4	1	6	5	0
4	1	6	6	237
4	1	6	7	214
4	1	7	0	214
4	1	7	1	264
4	1	7	2	0
4	1	7	3	0
4	1	7	4	0
4	1	7	5	267
4	1	7	6	0
4	1	7	7	322
5	0	0	0	263
5	0	0	1	288
5	0	0	2	0
5	0	0	3	0
5	0	0	4	0
5	0	0	5	764
5	0	0	6	0
5	0	0	7	956
5	0	1	0	961
5	0	1	1	0
5	0	1	2	925
5	0	1	3	0
5	0	1	4	0
5	0	1	5	0
5	0	1	6	361
5	0	1	7	310
5	0	2	0	249
5	0	2	1	0
5	0	2	2	221
5	0	2	3	0
5	0	2	4	297
5	0	2	5	0
5	0	2	6	307
5	0	2	7	0
5	0	3	0	0
5	0	3	1	345
5	0	3	2	0
5	0	3	3	291
5	0	3	4	0
5	0	3	5	336
5	0	3	6	0
5	0	3	7	257
5	0	4	0	0
5	0	4	1	16184
5	0	4	2	0
5	0	4	3	183
5	0	4	4	0
5	0	4	5	268
5	0	4	6	0
5	0	4	7	215
5	0	5	0	231
5	0	5	1	0
5	0	5	2	332
5	0	5	3	0
5	0	5	4	240
5	0	5	5	0
5	0	5	6	287
5	0	5	7	0
5	0	6	0	301
5	0	6	1	0
5	0	6	2	317
5	0	6	3	0
5	0	6	4	0
5	0	6	5	0
5	0	6	6	265
5	0	6	7	226
5	0	7	0	216
5	0	7	1	278
5	0	7	2	0
5	0	7	3	0
5	0	7	4	0
5	0	7	5	301
5	0	7	6	0
5	0	7	7	364
5	1	0	0	233
5	1	0	1	349
5	1	0	2	0
5	1	0	3	0
5	1	0	4	0
5	1	0	5	552
5	1	0	6	0
5	1	0	7	418
5	1	1	0	814
5	1	1	1	0
5	1	1	2	2133
5	1	1	3	0
5	1	1	4	0
5	1	1	5	0
5	1	1	6	281
5	1	1	7	346
5	1	2	0	690
5	1	2	1	0
5	1	2	2	379
5	1	2	3	0
5	1	2	4	671
5	1	2	5	0
5	1	2	6	3172
5	1	2	7	0
5	1	3	0	0
5	1	3	1	263
5	1	3	2	0
5	1	3	3	319
5	1	3	4	0
5	1	3	5	270
5	1	3	6	0
5	1	3	7	230
5	1	4	0	0
5	1	4	1	182
5	1	4	2	0
5	1	4	3	186
5	1	4	4	0
5	1	4	5	189
5	1	4	6	0
5	1	4	7	1822
5	1	5	0	215
5	1	5	1	0
5	1	5	2	224
5	1	5	3	0
5	1	5	4	215
5	1	5	5	0
5	1	5	6	696
5	1	5	7	0
5	1	6	0	302
5	1	6	1	0
5	1	6	2	275
5	1	6	3	0
5	1	6	4	0
5	1	6	5	0
5	1	6	6	215
5	1	6	7	199
5	1	7	0	234
5	1	7	1	245
5	1	7	2	0
5	1	7	3	0
5	1	7	4	0
5	1	7	5	261
5	1	7	6	0
5	1	7	7	318
