#LHCb RICH ECQA DCR
#DATE		HOUR
2019-10-01	23:32:57
#VOLTAGE[V]
1000
#NPULSES[k]
100
#FREQ[[kHz]
1
# THRESHOLD (if fixed, write hexadecimal value; if optimized, write configuration file name)
307
#UART	FEB	CHIP	CHANNEL	Hit_Counts
0	0	0	0	45
0	0	0	1	62
0	0	0	2	45
0	0	0	3	43
0	0	0	4	39
0	0	0	5	62
0	0	0	6	68
0	0	0	7	79
0	0	1	0	141
0	0	1	1	81
0	0	1	2	240
0	0	1	3	71
0	0	1	4	295
0	0	1	5	85
0	0	1	6	279
0	0	1	7	76
0	0	2	0	53
0	0	2	1	57
0	0	2	2	38
0	0	2	3	52
0	0	2	4	57
0	0	2	5	52
0	0	2	6	64
0	0	2	7	79
0	0	3	0	66
0	0	3	1	231
0	0	3	2	56
0	0	3	3	230
0	0	3	4	60
0	0	3	5	191
0	0	3	6	49
0	0	3	7	84
0	0	4	0	177
0	0	4	1	136
0	0	4	2	195
0	0	4	3	188
0	0	4	4	299
0	0	4	5	562
0	0	4	6	1510
0	0	4	7	2308
0	0	5	0	4895
0	0	5	1	3138
0	0	5	2	1210
0	0	5	3	897
0	0	5	4	355
0	0	5	5	259
0	0	5	6	279
0	0	5	7	175
0	0	6	0	2202
0	0	6	1	1755
0	0	6	2	517
0	0	6	3	387
0	0	6	4	227
0	0	6	5	230
0	0	6	6	204
0	0	6	7	208
0	0	7	0	211
0	0	7	1	281
0	0	7	2	223
0	0	7	3	285
0	0	7	4	821
0	0	7	5	636
0	0	7	6	2951
0	0	7	7	2463
0	1	0	0	95
0	1	0	1	365
0	1	0	2	94
0	1	0	3	444
0	1	0	4	357
0	1	0	5	315
0	1	0	6	94
0	1	0	7	268
0	1	1	0	58
0	1	1	1	72
0	1	1	2	37
0	1	1	3	43
0	1	1	4	51
0	1	1	5	47
0	1	1	6	53
0	1	1	7	44
0	1	2	0	111
0	1	2	1	58
0	1	2	2	186
0	1	2	3	58
0	1	2	4	266
0	1	2	5	78
0	1	2	6	240
0	1	2	7	109
0	1	3	0	44
0	1	3	1	45
0	1	3	2	46
0	1	3	3	44
0	1	3	4	67
0	1	3	5	54
0	1	3	6	73
0	1	3	7	66
0	1	4	0	158
0	1	4	1	282
0	1	4	2	150
0	1	4	3	304
0	1	4	4	297
0	1	4	5	750
0	1	4	6	1308
0	1	4	7	2569
0	1	5	0	968
0	1	5	1	859
0	1	5	2	193
0	1	5	3	198
0	1	5	4	136
0	1	5	5	176
0	1	5	6	174
0	1	5	7	150
0	1	6	0	4719
0	1	6	1	5691
0	1	6	2	1480
0	1	6	3	1616
0	1	6	4	484
0	1	6	5	390
0	1	6	6	369
0	1	6	7	236
0	1	7	0	226
0	1	7	1	306
0	1	7	2	262
0	1	7	3	257
0	1	7	4	418
0	1	7	5	735
0	1	7	6	1924
0	1	7	7	2778
1	0	0	0	62
1	0	0	1	64
1	0	0	2	70
1	0	0	3	69
1	0	0	4	74
1	0	0	5	63
1	0	0	6	163
1	0	0	7	115
1	0	1	0	233
1	0	1	1	112
1	0	1	2	394
1	0	1	3	116
1	0	1	4	654
1	0	1	5	2747
1	0	1	6	591
1	0	1	7	117
1	0	2	0	83
1	0	2	1	66
1	0	2	2	60
1	0	2	3	59
1	0	2	4	65
1	0	2	5	45
1	0	2	6	74
1	0	2	7	64
1	0	3	0	136
1	0	3	1	568
1	0	3	2	136
1	0	3	3	597
1	0	3	4	93
1	0	3	5	483
1	0	3	6	84
1	0	3	7	192
1	0	4	0	41
1	0	4	1	39
1	0	4	2	58
1	0	4	3	55
1	0	4	4	62
1	0	4	5	63
1	0	4	6	192
1	0	4	7	209
1	0	5	0	90
1	0	5	1	144
1	0	5	2	124
1	0	5	3	162
1	0	5	4	54
1	0	5	5	59
1	0	5	6	49
1	0	5	7	35
1	0	6	0	103
1	0	6	1	84
1	0	6	2	41
1	0	6	3	58
1	0	6	4	62
1	0	6	5	49
1	0	6	6	39
1	0	6	7	40
1	0	7	0	997
1	0	7	1	37
1	0	7	2	51
1	0	7	3	68
1	0	7	4	48
1	0	7	5	50
1	0	7	6	79
1	0	7	7	46
1	1	0	0	102
1	1	0	1	339
1	1	0	2	133
1	1	0	3	450
1	1	0	4	118
1	1	0	5	328
1	1	0	6	139
1	1	0	7	421
1	1	1	0	139
1	1	1	1	108
1	1	1	2	74
1	1	1	3	110
1	1	1	4	62
1	1	1	5	64
1	1	1	6	153
1	1	1	7	57
1	1	2	0	514
1	1	2	1	144
1	1	2	2	312
1	1	2	3	131
1	1	2	4	336
1	1	2	5	93
1	1	2	6	277
1	1	2	7	101
1	1	3	0	78
1	1	3	1	62
1	1	3	2	57
1	1	3	3	57
1	1	3	4	59
1	1	3	5	61
1	1	3	6	82
1	1	3	7	93
1	1	4	0	54
1	1	4	1	806
1	1	4	2	76
1	1	4	3	74
1	1	4	4	70
1	1	4	5	92
1	1	4	6	557
1	1	4	7	888
1	1	5	0	585
1	1	5	1	364
1	1	5	2	73
1	1	5	3	109
1	1	5	4	144
1	1	5	5	158
1	1	5	6	39
1	1	5	7	50
1	1	6	0	86
1	1	6	1	103
1	1	6	2	60
1	1	6	3	53
1	1	6	4	58
1	1	6	5	39
1	1	6	6	71
1	1	6	7	47
1	1	7	0	50
1	1	7	1	53
1	1	7	2	40
1	1	7	3	40
1	1	7	4	49
1	1	7	5	48
1	1	7	6	78
1	1	7	7	111
2	0	0	0	95
2	0	0	1	93
2	0	0	2	120
2	0	0	3	115
2	0	0	4	190
2	0	0	5	98
2	0	0	6	329
2	0	0	7	181
2	0	1	0	464
2	0	1	1	418
2	0	1	2	148
2	0	1	3	160
2	0	1	4	96
2	0	1	5	243
2	0	1	6	123
2	0	1	7	126
2	0	2	0	173
2	0	2	1	343
2	0	2	2	112
2	0	2	3	158
2	0	2	4	82
2	0	2	5	123
2	0	2	6	82
2	0	2	7	103
2	0	3	0	106
2	0	3	1	164
2	0	3	2	114
2	0	3	3	128
2	0	3	4	130
2	0	3	5	119
2	0	3	6	345
2	0	3	7	536
2	0	4	0	239
2	0	4	1	711
2	0	4	2	218
2	0	4	3	695
2	0	4	4	177
2	0	4	5	689
2	0	4	6	208
2	0	4	7	392
2	0	5	0	161
2	0	5	1	188
2	0	5	2	336
2	0	5	3	114
2	0	5	4	224
2	0	5	5	197
2	0	5	6	216
2	0	5	7	256
2	0	6	0	662
2	0	6	1	217
2	0	6	2	1157
2	0	6	3	228
2	0	6	4	1671
2	0	6	5	297
2	0	6	6	1393
2	0	6	7	276
2	0	7	0	221
2	0	7	1	269
2	0	7	2	234
2	0	7	3	363
2	0	7	4	128
2	0	7	5	207
2	0	7	6	120
2	0	7	7	126
2	1	0	0	115
2	1	0	1	86
2	1	0	2	131
2	1	0	3	148
2	1	0	4	149
2	1	0	5	156
2	1	0	6	377
2	1	0	7	448
2	1	1	0	222
2	1	1	1	435
2	1	1	2	122
2	1	1	3	135
2	1	1	4	103
2	1	1	5	113
2	1	1	6	86
2	1	1	7	72
2	1	2	0	341
2	1	2	1	324
2	1	2	2	146
2	1	2	3	136
2	1	2	4	104
2	1	2	5	118
2	1	2	6	103
2	1	2	7	104
2	1	3	0	88
2	1	3	1	79
2	1	3	2	90
2	1	3	3	97
2	1	3	4	110
2	1	3	5	930
2	1	3	6	262
2	1	3	7	154
2	1	4	0	340
2	1	4	1	261
2	1	4	2	171
2	1	4	3	220
2	1	4	4	90
2	1	4	5	127
2	1	4	6	151
2	1	4	7	224
2	1	5	0	380
2	1	5	1	269
2	1	5	2	553
2	1	5	3	130
2	1	5	4	812
2	1	5	5	251
2	1	5	6	723
2	1	5	7	345
2	1	6	0	145
2	1	6	1	104
2	1	6	2	148
2	1	6	3	83
2	1	6	4	226
2	1	6	5	158
2	1	6	6	334
2	1	6	7	243
2	1	7	0	313
2	1	7	1	835
2	1	7	2	238
2	1	7	3	870
2	1	7	4	114
2	1	7	5	594
2	1	7	6	154
2	1	7	7	474
3	0	0	0	115
3	0	0	1	342
3	0	0	2	154
3	0	0	3	103
3	0	0	4	190
3	0	0	5	153
3	0	0	6	1052
3	0	0	7	529
3	0	1	0	1707
3	0	1	1	1529
3	0	1	2	142
3	0	1	3	158
3	0	1	4	109
3	0	1	5	102
3	0	1	6	91
3	0	1	7	80
3	0	2	0	819
3	0	2	1	2464
3	0	2	2	171
3	0	2	3	282
3	0	2	4	125
3	0	2	5	129
3	0	2	6	116
3	0	2	7	146
3	0	3	0	72
3	0	3	1	91
3	0	3	2	138
3	0	3	3	116
3	0	3	4	347
3	0	3	5	275
3	0	3	6	4875
3	0	3	7	4190
3	0	4	0	276
3	0	4	1	631
3	0	4	2	268
3	0	4	3	851
3	0	4	4	208
3	0	4	5	648
3	0	4	6	211
3	0	4	7	367
3	0	5	0	161
3	0	5	1	147
3	0	5	2	159
3	0	5	3	121
3	0	5	4	176
3	0	5	5	169
3	0	5	6	213
3	0	5	7	251
3	0	6	0	243
3	0	6	1	202
3	0	6	2	353
3	0	6	3	216
3	0	6	4	483
3	0	6	5	238
3	0	6	6	527
3	0	6	7	249
3	0	7	0	268
3	0	7	1	265
3	0	7	2	214
3	0	7	3	193
3	0	7	4	168
3	0	7	5	232
3	0	7	6	154
3	0	7	7	169
3	1	0	0	75
3	1	0	1	79
3	1	0	2	136
3	1	0	3	88
3	1	0	4	156
3	1	0	5	160
3	1	0	6	2094
3	1	0	7	2616
3	1	1	0	1363
3	1	1	1	2246
3	1	1	2	503
3	1	1	3	166
3	1	1	4	601
3	1	1	5	436
3	1	1	6	653
3	1	1	7	90
3	1	2	0	22914
3	1	2	1	14816
3	1	2	2	658
3	1	2	3	679
3	1	2	4	133
3	1	2	5	149
3	1	2	6	106
3	1	2	7	97
3	1	3	0	2355
3	1	3	1	1191
3	1	3	2	178
3	1	3	3	888
3	1	3	4	698
3	1	3	5	1105
3	1	3	6	17468
3	1	3	7	7295
3	1	4	0	343
3	1	4	1	257
3	1	4	2	186
3	1	4	3	186
3	1	4	4	109
3	1	4	5	152
3	1	4	6	136
3	1	4	7	127
3	1	5	0	208
3	1	5	1	138
3	1	5	2	306
3	1	5	3	161
3	1	5	4	344
3	1	5	5	178
3	1	5	6	345
3	1	5	7	207
3	1	6	0	127
3	1	6	1	159
3	1	6	2	159
3	1	6	3	167
3	1	6	4	194
3	1	6	5	233
3	1	6	6	313
3	1	6	7	257
3	1	7	0	255
3	1	7	1	302
3	1	7	2	216
3	1	7	3	355
3	1	7	4	138
3	1	7	5	257
3	1	7	6	156
3	1	7	7	203
4	0	0	0	179
4	0	0	1	205
4	0	0	2	166
4	0	0	3	233
4	0	0	4	134
4	0	0	5	177
4	0	0	6	164
4	0	0	7	212
4	0	1	0	788
4	0	1	1	289
4	0	1	2	1094
4	0	1	3	438
4	0	1	4	1372
4	0	1	5	354
4	0	1	6	1193
4	0	1	7	267
4	0	2	0	139
4	0	2	1	143
4	0	2	2	128
4	0	2	3	103
4	0	2	4	162
4	0	2	5	710
4	0	2	6	181
4	0	2	7	203
4	0	3	0	249
4	0	3	1	1087
4	0	3	2	233
4	0	3	3	1259
4	0	3	4	218
4	0	3	5	1036
4	0	3	6	169
4	0	3	7	410
4	0	4	0	121
4	0	4	1	152
4	0	4	2	123
4	0	4	3	130
4	0	4	4	260
4	0	4	5	206
4	0	4	6	834
4	0	4	7	706
4	0	5	0	1463
4	0	5	1	465
4	0	5	2	128
4	0	5	3	154
4	0	5	4	127
4	0	5	5	130
4	0	5	6	167
4	0	5	7	142
4	0	6	0	1774
4	0	6	1	1554
4	0	6	2	284
4	0	6	3	1844
4	0	6	4	118
4	0	6	5	155
4	0	6	6	111
4	0	6	7	135
4	0	7	0	141
4	0	7	1	243
4	0	7	2	119
4	0	7	3	141
4	0	7	4	195
4	0	7	5	179
4	0	7	6	1164
4	0	7	7	731
4	1	0	0	216
4	1	0	1	570
4	1	0	2	250
4	1	0	3	658
4	1	0	4	190
4	1	0	5	398
4	1	0	6	168
4	1	0	7	362
4	1	1	0	143
4	1	1	1	133
4	1	1	2	152
4	1	1	3	120
4	1	1	4	177
4	1	1	5	141
4	1	1	6	180
4	1	1	7	189
4	1	2	0	540
4	1	2	1	182
4	1	2	2	586
4	1	2	3	164
4	1	2	4	576
4	1	2	5	196
4	1	2	6	506
4	1	2	7	210
4	1	3	0	165
4	1	3	1	139
4	1	3	2	134
4	1	3	3	147
4	1	3	4	116
4	1	3	5	152
4	1	3	6	142
4	1	3	7	131
4	1	4	0	120
4	1	4	1	280
4	1	4	2	122
4	1	4	3	224
4	1	4	4	218
4	1	4	5	249
4	1	4	6	1477
4	1	4	7	1485
4	1	5	0	3043
4	1	5	1	2029
4	1	5	2	218
4	1	5	3	211
4	1	5	4	138
4	1	5	5	130
4	1	5	6	127
4	1	5	7	97
4	1	6	0	984
4	1	6	1	1578
4	1	6	2	390
4	1	6	3	268
4	1	6	4	3841
4	1	6	5	154
4	1	6	6	301
4	1	6	7	115
4	1	7	0	141
4	1	7	1	123
4	1	7	2	146
4	1	7	3	136
4	1	7	4	1318
4	1	7	5	194
4	1	7	6	1497
4	1	7	7	1806
5	0	0	0	73
5	0	0	1	64
5	0	0	2	60
5	0	0	3	86
5	0	0	4	55
5	0	0	5	55
5	0	0	6	87
5	0	0	7	95
5	0	1	0	125
5	0	1	1	105
5	0	1	2	152
5	0	1	3	101
5	0	1	4	207
5	0	1	5	114
5	0	1	6	166
5	0	1	7	105
5	0	2	0	125
5	0	2	1	130
5	0	2	2	67
5	0	2	3	58
5	0	2	4	61
5	0	2	5	40
5	0	2	6	60
5	0	2	7	58
5	0	3	0	83
5	0	3	1	136
5	0	3	2	97
5	0	3	3	134
5	0	3	4	94
5	0	3	5	143
5	0	3	6	121
5	0	3	7	108
5	0	4	0	90
5	0	4	1	124
5	0	4	2	121
5	0	4	3	103
5	0	4	4	179
5	0	4	5	137
5	0	4	6	302
5	0	4	7	358
5	0	5	0	204
5	0	5	1	268
5	0	5	2	167
5	0	5	3	155
5	0	5	4	130
5	0	5	5	105
5	0	5	6	164
5	0	5	7	105
5	0	6	0	306
5	0	6	1	317
5	0	6	2	190
5	0	6	3	151
5	0	6	4	122
5	0	6	5	151
5	0	6	6	113
5	0	6	7	89
5	0	7	0	126
5	0	7	1	116
5	0	7	2	103
5	0	7	3	120
5	0	7	4	161
5	0	7	5	141
5	0	7	6	258
5	0	7	7	180
5	1	0	0	60
5	1	0	1	158
5	1	0	2	65
5	1	0	3	181
5	1	0	4	68
5	1	0	5	334
5	1	0	6	96
5	1	0	7	323
5	1	1	0	90
5	1	1	1	60
5	1	1	2	30
5	1	1	3	50
5	1	1	4	46
5	1	1	5	61
5	1	1	6	63
5	1	1	7	63
5	1	2	0	165
5	1	2	1	94
5	1	2	2	160
5	1	2	3	69
5	1	2	4	159
5	1	2	5	73
5	1	2	6	120
5	1	2	7	65
5	1	3	0	53
5	1	3	1	53
5	1	3	2	41
5	1	3	3	49
5	1	3	4	37
5	1	3	5	45
5	1	3	6	83
5	1	3	7	97
5	1	4	0	65
5	1	4	1	97
5	1	4	2	100
5	1	4	3	74
5	1	4	4	161
5	1	4	5	125
5	1	4	6	290
5	1	4	7	233
5	1	5	0	366
5	1	5	1	276
5	1	5	2	144
5	1	5	3	237
5	1	5	4	106
5	1	5	5	98
5	1	5	6	115
5	1	5	7	66
5	1	6	0	176
5	1	6	1	292
5	1	6	2	99
5	1	6	3	124
5	1	6	4	112
5	1	6	5	96
5	1	6	6	74
5	1	6	7	75
5	1	7	0	108
5	1	7	1	92
5	1	7	2	106
5	1	7	3	133
5	1	7	4	136
5	1	7	5	180
5	1	7	6	341
5	1	7	7	329
6	0	0	0	82
6	0	0	1	84
6	0	0	2	80
6	0	0	3	73
6	0	0	4	76
6	0	0	5	70
6	0	0	6	193
6	0	0	7	130
6	0	1	0	260
6	0	1	1	211
6	0	1	2	84
6	0	1	3	76
6	0	1	4	84
6	0	1	5	60
6	0	1	6	90
6	0	1	7	95
6	0	2	0	182
6	0	2	1	200
6	0	2	2	67
6	0	2	3	66
6	0	2	4	78
6	0	2	5	89
6	0	2	6	83
6	0	2	7	77
6	0	3	0	93
6	0	3	1	106
6	0	3	2	132
6	0	3	3	96
6	0	3	4	131
6	0	3	5	103
6	0	3	6	574
6	0	3	7	310
6	0	4	0	217
6	0	4	1	543
6	0	4	2	214
6	0	4	3	599
6	0	4	4	207
6	0	4	5	638
6	0	4	6	297
6	0	4	7	770
6	0	5	0	334
6	0	5	1	300
6	0	5	2	118
6	0	5	3	132
6	0	5	4	193
6	0	5	5	200
6	0	5	6	235
6	0	5	7	1479
6	0	6	0	464
6	0	6	1	350
6	0	6	2	903
6	0	6	3	1263
6	0	6	4	4011
6	0	6	5	2355
6	0	6	6	822
6	0	6	7	313
6	0	7	0	281
6	0	7	1	282
6	0	7	2	268
6	0	7	3	221
6	0	7	4	7894
6	0	7	5	141
6	0	7	6	406
6	0	7	7	81
6	1	0	0	106
6	1	0	1	148
6	1	0	2	103
6	1	0	3	99
6	1	0	4	93
6	1	0	5	92
6	1	0	6	220
6	1	0	7	268
6	1	1	0	320
6	1	1	1	206
6	1	1	2	358
6	1	1	3	83
6	1	1	4	149
6	1	1	5	92
6	1	1	6	138
6	1	1	7	84
6	1	2	0	325
6	1	2	1	275
6	1	2	2	95
6	1	2	3	123
6	1	2	4	104
6	1	2	5	99
6	1	2	6	89
6	1	2	7	99
6	1	3	0	629
6	1	3	1	312
6	1	3	2	98
6	1	3	3	178
6	1	3	4	73
6	1	3	5	130
6	1	3	6	225
6	1	3	7	239
6	1	4	0	275
6	1	4	1	229
6	1	4	2	937
6	1	4	3	177
6	1	4	4	161
6	1	4	5	152
6	1	4	6	241
6	1	4	7	254
6	1	5	0	1486
6	1	5	1	628
6	1	5	2	2058
6	1	5	3	501
6	1	5	4	2430
6	1	5	5	668
6	1	5	6	1936
6	1	5	7	437
6	1	6	0	183
6	1	6	1	166
6	1	6	2	167
6	1	6	3	183
6	1	6	4	227
6	1	6	5	234
6	1	6	6	287
6	1	6	7	281
6	1	7	0	421
6	1	7	1	1823
6	1	7	2	455
6	1	7	3	2063
6	1	7	4	416
6	1	7	5	1446
6	1	7	6	560
6	1	7	7	1451
7	0	0	0	85
7	0	0	1	79
7	0	0	2	103
7	0	0	3	92
7	0	0	4	202
7	0	0	5	116
7	0	0	6	370
7	0	0	7	323
7	0	1	0	575
7	0	1	1	501
7	0	1	2	161
7	0	1	3	224
7	0	1	4	170
7	0	1	5	230
7	0	1	6	145
7	0	1	7	215
7	0	2	0	280
7	0	2	1	293
7	0	2	2	136
7	0	2	3	146
7	0	2	4	131
7	0	2	5	144
7	0	2	6	105
7	0	2	7	99
7	0	3	0	180
7	0	3	1	190
7	0	3	2	427
7	0	3	3	146
7	0	3	4	156
7	0	3	5	167
7	0	3	6	344
7	0	3	7	377
7	0	4	0	187
7	0	4	1	518
7	0	4	2	167
7	0	4	3	625
7	0	4	4	151
7	0	4	5	546
7	0	4	6	207
7	0	4	7	388
7	0	5	0	175
7	0	5	1	145
7	0	5	2	133
7	0	5	3	123
7	0	5	4	149
7	0	5	5	159
7	0	5	6	161
7	0	5	7	187
7	0	6	0	459
7	0	6	1	158
7	0	6	2	456
7	0	6	3	126
7	0	6	4	704
7	0	6	5	163
7	0	6	6	592
7	0	6	7	152
7	0	7	0	144
7	0	7	1	177
7	0	7	2	125
7	0	7	3	262
7	0	7	4	111
7	0	7	5	101
7	0	7	6	115
7	0	7	7	112
7	1	0	0	213
7	1	0	1	215
7	1	0	2	242
7	1	0	3	239
7	1	0	4	250
7	1	0	5	203
7	1	0	6	565
7	1	0	7	903
7	1	1	0	297
7	1	1	1	544
7	1	1	2	193
7	1	1	3	127
7	1	1	4	148
7	1	1	5	142
7	1	1	6	138
7	1	1	7	135
7	1	2	0	458
7	1	2	1	405
7	1	2	2	165
7	1	2	3	143
7	1	2	4	194
7	1	2	5	205
7	1	2	6	220
7	1	2	7	244
7	1	3	0	171
7	1	3	1	171
7	1	3	2	108
7	1	3	3	120
7	1	3	4	120
7	1	3	5	164
7	1	3	6	393
7	1	3	7	485
7	1	4	0	119
7	1	4	1	123
7	1	4	2	155
7	1	4	3	130
7	1	4	4	104
7	1	4	5	79
7	1	4	6	180
7	1	4	7	209
7	1	5	0	461
7	1	5	1	213
7	1	5	2	346
7	1	5	3	138
7	1	5	4	430
7	1	5	5	142
7	1	5	6	424
7	1	5	7	137
7	1	6	0	173
7	1	6	1	138
7	1	6	2	95
7	1	6	3	97
7	1	6	4	147
7	1	6	5	123
7	1	6	6	140
7	1	6	7	133
7	1	7	0	135
7	1	7	1	525
7	1	7	2	169
7	1	7	3	653
7	1	7	4	147
7	1	7	5	553
7	1	7	6	167
7	1	7	7	374
