#LHCb RICH ECQA DCR
#DATE		HOUR
2019-11-16	01:10:14
#VOLTAGE[V]
1000
#NPULSES[k]
100
#FREQ[[kHz]
1
# THRESHOLD (if fixed, write hexadecimal value; if optimized, write configuration file name)
/home/labo/DATA/Load_0050_H_S1/THR_1000V_offset1_Opt_Thr.txt
#UART	FEB	CHIP	CHANNEL	Hit_Counts
0	0	0	0	537
0	0	0	1	605
0	0	0	2	0
0	0	0	3	0
0	0	0	4	0
0	0	0	5	1198
0	0	0	6	0
0	0	0	7	2300
0	0	1	0	644
0	0	1	1	0
0	0	1	2	776
0	0	1	3	0
0	0	1	4	0
0	0	1	5	0
0	0	1	6	415
0	0	1	7	401
0	0	2	0	586
0	0	2	1	0
0	0	2	2	467
0	0	2	3	0
0	0	2	4	456
0	0	2	5	0
0	0	2	6	489
0	0	2	7	0
0	0	3	0	0
0	0	3	1	447
0	0	3	2	0
0	0	3	3	439
0	0	3	4	0
0	0	3	5	541
0	0	3	6	0
0	0	3	7	499
0	0	4	0	0
0	0	4	1	414
0	0	4	2	0
0	0	4	3	446
0	0	4	4	0
0	0	4	5	453
0	0	4	6	0
0	0	4	7	492
0	0	5	0	458
0	0	5	1	0
0	0	5	2	561
0	0	5	3	0
0	0	5	4	401
0	0	5	5	0
0	0	5	6	511
0	0	5	7	0
0	0	6	0	1375
0	0	6	1	0
0	0	6	2	1140
0	0	6	3	0
0	0	6	4	0
0	0	6	5	0
0	0	6	6	488
0	0	6	7	498
0	0	7	0	386
0	0	7	1	434
0	0	7	2	0
0	0	7	3	0
0	0	7	4	0
0	0	7	5	939
0	0	7	6	0
0	0	7	7	819
0	1	0	0	295
0	1	0	1	312
0	1	0	2	0
0	1	0	3	0
0	1	0	4	0
0	1	0	5	824
0	1	0	6	0
0	1	0	7	710
0	1	1	0	2003
0	1	1	1	0
0	1	1	2	1413
0	1	1	3	0
0	1	1	4	0
0	1	1	5	0
0	1	1	6	588
0	1	1	7	435
0	1	2	0	360
0	1	2	1	0
0	1	2	2	488
0	1	2	3	0
0	1	2	4	288
0	1	2	5	0
0	1	2	6	383
0	1	2	7	0
0	1	3	0	0
0	1	3	1	457
0	1	3	2	0
0	1	3	3	1150
0	1	3	4	0
0	1	3	5	390
0	1	3	6	0
0	1	3	7	402
0	1	4	0	0
0	1	4	1	413
0	1	4	2	0
0	1	4	3	353
0	1	4	4	0
0	1	4	5	445
0	1	4	6	0
0	1	4	7	340
0	1	5	0	322
0	1	5	1	0
0	1	5	2	386
0	1	5	3	0
0	1	5	4	382
0	1	5	5	0
0	1	5	6	429
0	1	5	7	0
0	1	6	0	3862
0	1	6	1	0
0	1	6	2	2763
0	1	6	3	0
0	1	6	4	0
0	1	6	5	0
0	1	6	6	506
0	1	6	7	395
0	1	7	0	393
0	1	7	1	476
0	1	7	2	0
0	1	7	3	0
0	1	7	4	0
0	1	7	5	2034
0	1	7	6	0
0	1	7	7	1580
1	0	0	0	249
1	0	0	1	241
1	0	0	2	0
1	0	0	3	0
1	0	0	4	0
1	0	0	5	381
1	0	0	6	0
1	0	0	7	335
1	0	1	0	423
1	0	1	1	0
1	0	1	2	353
1	0	1	3	0
1	0	1	4	0
1	0	1	5	0
1	0	1	6	258
1	0	1	7	231
1	0	2	0	223
1	0	2	1	0
1	0	2	2	200
1	0	2	3	0
1	0	2	4	478
1	0	2	5	0
1	0	2	6	187
1	0	2	7	0
1	0	3	0	0
1	0	3	1	315
1	0	3	2	0
1	0	3	3	236
1	0	3	4	0
1	0	3	5	291
1	0	3	6	0
1	0	3	7	216
1	0	4	0	0
1	0	4	1	258
1	0	4	2	0
1	0	4	3	735
1	0	4	4	0
1	0	4	5	233
1	0	4	6	0
1	0	4	7	196
1	0	5	0	244
1	0	5	1	0
1	0	5	2	361
1	0	5	3	0
1	0	5	4	213
1	0	5	5	0
1	0	5	6	309
1	0	5	7	0
1	0	6	0	410
1	0	6	1	0
1	0	6	2	428
1	0	6	3	0
1	0	6	4	0
1	0	6	5	0
1	0	6	6	286
1	0	6	7	279
1	0	7	0	263
1	0	7	1	341
1	0	7	2	0
1	0	7	3	0
1	0	7	4	0
1	0	7	5	401
1	0	7	6	0
1	0	7	7	491
1	1	0	0	193
1	1	0	1	179
1	1	0	2	0
1	1	0	3	0
1	1	0	4	0
1	1	0	5	265
1	1	0	6	0
1	1	0	7	313
1	1	1	0	353
1	1	1	1	0
1	1	1	2	361
1	1	1	3	0
1	1	1	4	0
1	1	1	5	0
1	1	1	6	186
1	1	1	7	222
1	1	2	0	196
1	1	2	1	0
1	1	2	2	244
1	1	2	3	0
1	1	2	4	180
1	1	2	5	0
1	1	2	6	227
1	1	2	7	0
1	1	3	0	0
1	1	3	1	236
1	1	3	2	0
1	1	3	3	196
1	1	3	4	0
1	1	3	5	202
1	1	3	6	0
1	1	3	7	225
1	1	4	0	0
1	1	4	1	215
1	1	4	2	0
1	1	4	3	182
1	1	4	4	0
1	1	4	5	187
1	1	4	6	0
1	1	4	7	187
1	1	5	0	245
1	1	5	1	0
1	1	5	2	270
1	1	5	3	0
1	1	5	4	194
1	1	5	5	0
1	1	5	6	200
1	1	5	7	0
1	1	6	0	416
1	1	6	1	0
1	1	6	2	496
1	1	6	3	0
1	1	6	4	0
1	1	6	5	0
1	1	6	6	257
1	1	6	7	189
1	1	7	0	241
1	1	7	1	269
1	1	7	2	0
1	1	7	3	0
1	1	7	4	0
1	1	7	5	585
1	1	7	6	0
1	1	7	7	486
4	0	0	0	1176
4	0	0	1	1194
4	0	0	2	0
4	0	0	3	0
4	0	0	4	0
4	0	0	5	1978
4	0	0	6	0
4	0	0	7	2782
4	0	1	0	1540
4	0	1	1	0
4	0	1	2	1529
4	0	1	3	0
4	0	1	4	0
4	0	1	5	0
4	0	1	6	1011
4	0	1	7	846
4	0	2	0	1063
4	0	2	1	0
4	0	2	2	1307
4	0	2	3	0
4	0	2	4	1056
4	0	2	5	0
4	0	2	6	1422
4	0	2	7	0
4	0	3	0	0
4	0	3	1	1309
4	0	3	2	0
4	0	3	3	1048
4	0	3	4	0
4	0	3	5	1600
4	0	3	6	0
4	0	3	7	1164
4	0	4	0	0
4	0	4	1	1115
4	0	4	2	0
4	0	4	3	1146
4	0	4	4	0
4	0	4	5	1205
4	0	4	6	0
4	0	4	7	1043
4	0	5	0	1147
4	0	5	1	0
4	0	5	2	1805
4	0	5	3	0
4	0	5	4	1234
4	0	5	5	0
4	0	5	6	1608
4	0	5	7	0
4	0	6	0	45444
4	0	6	1	0
4	0	6	2	13829
4	0	6	3	0
4	0	6	4	0
4	0	6	5	0
4	0	6	6	2986
4	0	6	7	1592
4	0	7	0	1323
4	0	7	1	1228
4	0	7	2	0
4	0	7	3	0
4	0	7	4	0
4	0	7	5	4882
4	0	7	6	0
4	0	7	7	2390
4	1	0	0	672
4	1	0	1	684
4	1	0	2	0
4	1	0	3	0
4	1	0	4	0
4	1	0	5	1300
4	1	0	6	0
4	1	0	7	1175
4	1	1	0	2791
4	1	1	1	0
4	1	1	2	2240
4	1	1	3	0
4	1	1	4	0
4	1	1	5	0
4	1	1	6	1200
4	1	1	7	1098
4	1	2	0	782
4	1	2	1	0
4	1	2	2	995
4	1	2	3	0
4	1	2	4	741
4	1	2	5	0
4	1	2	6	784
4	1	2	7	0
4	1	3	0	0
4	1	3	1	1101
4	1	3	2	0
4	1	3	3	886
4	1	3	4	0
4	1	3	5	1223
4	1	3	6	0
4	1	3	7	1034
4	1	4	0	0
4	1	4	1	1154
4	1	4	2	0
4	1	4	3	1067
4	1	4	4	0
4	1	4	5	1065
4	1	4	6	0
4	1	4	7	930
4	1	5	0	1042
4	1	5	1	0
4	1	5	2	1131
4	1	5	3	0
4	1	5	4	1172
4	1	5	5	0
4	1	5	6	1253
4	1	5	7	0
4	1	6	0	40536
4	1	6	1	0
4	1	6	2	54486
4	1	6	3	0
4	1	6	4	0
4	1	6	5	0
4	1	6	6	2112
4	1	6	7	2555
4	1	7	0	3453
4	1	7	1	4180
4	1	7	2	0
4	1	7	3	0
4	1	7	4	0
4	1	7	5	101095
4	1	7	6	0
4	1	7	7	73230
5	0	0	0	296
5	0	0	1	247
5	0	0	2	0
5	0	0	3	0
5	0	0	4	0
5	0	0	5	439
5	0	0	6	0
5	0	0	7	381
5	0	1	0	449
5	0	1	1	0
5	0	1	2	396
5	0	1	3	0
5	0	1	4	0
5	0	1	5	0
5	0	1	6	363
5	0	1	7	275
5	0	2	0	285
5	0	2	1	0
5	0	2	2	252
5	0	2	3	0
5	0	2	4	262
5	0	2	5	0
5	0	2	6	224
5	0	2	7	0
5	0	3	0	0
5	0	3	1	394
5	0	3	2	0
5	0	3	3	337
5	0	3	4	0
5	0	3	5	456
5	0	3	6	0
5	0	3	7	268
5	0	4	0	0
5	0	4	1	278
5	0	4	2	0
5	0	4	3	277
5	0	4	4	0
5	0	4	5	264
5	0	4	6	0
5	0	4	7	209
5	0	5	0	271
5	0	5	1	0
5	0	5	2	394
5	0	5	3	0
5	0	5	4	264
5	0	5	5	0
5	0	5	6	411
5	0	5	7	0
5	0	6	0	390
5	0	6	1	0
5	0	6	2	481
5	0	6	3	0
5	0	6	4	0
5	0	6	5	0
5	0	6	6	287
5	0	6	7	350
5	0	7	0	272
5	0	7	1	311
5	0	7	2	0
5	0	7	3	0
5	0	7	4	0
5	0	7	5	438
5	0	7	6	0
5	0	7	7	557
5	1	0	0	234
5	1	0	1	205
5	1	0	2	0
5	1	0	3	0
5	1	0	4	0
5	1	0	5	269
5	1	0	6	0
5	1	0	7	241
5	1	1	0	393
5	1	1	1	0
5	1	1	2	359
5	1	1	3	0
5	1	1	4	0
5	1	1	5	0
5	1	1	6	267
5	1	1	7	287
5	1	2	0	221
5	1	2	1	0
5	1	2	2	311
5	1	2	3	0
5	1	2	4	227
5	1	2	5	0
5	1	2	6	244
5	1	2	7	0
5	1	3	0	0
5	1	3	1	248
5	1	3	2	0
5	1	3	3	214
5	1	3	4	0
5	1	3	5	258
5	1	3	6	0
5	1	3	7	226
5	1	4	0	0
5	1	4	1	214
5	1	4	2	0
5	1	4	3	258
5	1	4	4	0
5	1	4	5	269
5	1	4	6	0
5	1	4	7	222
5	1	5	0	239
5	1	5	1	0
5	1	5	2	271
5	1	5	3	0
5	1	5	4	257
5	1	5	5	0
5	1	5	6	273
5	1	5	7	0
5	1	6	0	312
5	1	6	1	0
5	1	6	2	368
5	1	6	3	0
5	1	6	4	0
5	1	6	5	0
5	1	6	6	189
5	1	6	7	226
5	1	7	0	323
5	1	7	1	1772
5	1	7	2	0
5	1	7	3	0
5	1	7	4	0
5	1	7	5	406
5	1	7	6	0
5	1	7	7	463
