#LHCb RICH ECQA DCR
#DATE		HOUR
2019-10-11	04:56:34
#VOLTAGE[V]
1000
#NPULSES[k]
100
#FREQ[[kHz]
1
# THRESHOLD (if fixed, write hexadecimal value; if optimized, write configuration file name)
307
#UART	FEB	CHIP	CHANNEL	Hit_Counts
0	0	0	0	76
0	0	0	1	75
0	0	0	2	76
0	0	0	3	89
0	0	0	4	60
0	0	0	5	57
0	0	0	6	63
0	0	0	7	77
0	0	1	0	367
0	0	1	1	142
0	0	1	2	609
0	0	1	3	283
0	0	1	4	882
0	0	1	5	511
0	0	1	6	881
0	0	1	7	257
0	0	2	0	160
0	0	2	1	125
0	0	2	2	80
0	0	2	3	63
0	0	2	4	81
0	0	2	5	82
0	0	2	6	67
0	0	2	7	57
0	0	3	0	228
0	0	3	1	1285
0	0	3	2	435
0	0	3	3	1699
0	0	3	4	268
0	0	3	5	1449
0	0	3	6	454
0	0	3	7	893
0	0	4	0	132
0	0	4	1	169
0	0	4	2	159
0	0	4	3	166
0	0	4	4	134
0	0	4	5	185
0	0	4	6	520
0	0	4	7	671
0	0	5	0	1213
0	0	5	1	686
0	0	5	2	396
0	0	5	3	228
0	0	5	4	154
0	0	5	5	122
0	0	5	6	93
0	0	5	7	107
0	0	6	0	1257
0	0	6	1	1099
0	0	6	2	299
0	0	6	3	271
0	0	6	4	159
0	0	6	5	160
0	0	6	6	151
0	0	6	7	169
0	0	7	0	98
0	0	7	1	93
0	0	7	2	105
0	0	7	3	111
0	0	7	4	218
0	0	7	5	162
0	0	7	6	747
0	0	7	7	716
0	1	0	0	126
0	1	0	1	378
0	1	0	2	169
0	1	0	3	594
0	1	0	4	185
0	1	0	5	480
0	1	0	6	140
0	1	0	7	400
0	1	1	0	67
0	1	1	1	53
0	1	1	2	66
0	1	1	3	128
0	1	1	4	75
0	1	1	5	68
0	1	1	6	60
0	1	1	7	74
0	1	2	0	398
0	1	2	1	154
0	1	2	2	403
0	1	2	3	111
0	1	2	4	360
0	1	2	5	110
0	1	2	6	311
0	1	2	7	94
0	1	3	0	61
0	1	3	1	90
0	1	3	2	75
0	1	3	3	65
0	1	3	4	60
0	1	3	5	83
0	1	3	6	109
0	1	3	7	115
0	1	4	0	56
0	1	4	1	114
0	1	4	2	84
0	1	4	3	107
0	1	4	4	150
0	1	4	5	108
0	1	4	6	264
0	1	4	7	192
0	1	5	0	343
0	1	5	1	353
0	1	5	2	100
0	1	5	3	108
0	1	5	4	85
0	1	5	5	109
0	1	5	6	128
0	1	5	7	87
0	1	6	0	636
0	1	6	1	918
0	1	6	2	214
0	1	6	3	172
0	1	6	4	135
0	1	6	5	100
0	1	6	6	118
0	1	6	7	71
0	1	7	0	140
0	1	7	1	112
0	1	7	2	126
0	1	7	3	109
0	1	7	4	184
0	1	7	5	344
0	1	7	6	918
0	1	7	7	1118
1	0	0	0	84
1	0	0	1	163
1	0	0	2	109
1	0	0	3	139
1	0	0	4	99
1	0	0	5	153
1	0	0	6	145
1	0	0	7	172
1	0	1	0	1749
1	0	1	1	522
1	0	1	2	1945
1	0	1	3	561
1	0	1	4	1602
1	0	1	5	516
1	0	1	6	1293
1	0	1	7	720
1	0	2	0	127
1	0	2	1	134
1	0	2	2	77
1	0	2	3	74
1	0	2	4	103
1	0	2	5	66
1	0	2	6	105
1	0	2	7	105
1	0	3	0	255
1	0	3	1	921
1	0	3	2	387
1	0	3	3	1023
1	0	3	4	285
1	0	3	5	968
1	0	3	6	301
1	0	3	7	657
1	0	4	0	89
1	0	4	1	75
1	0	4	2	60
1	0	4	3	143
1	0	4	4	212
1	0	4	5	566
1	0	4	6	1196
1	0	4	7	1640
1	0	5	0	689
1	0	5	1	1375
1	0	5	2	220
1	0	5	3	357
1	0	5	4	130
1	0	5	5	102
1	0	5	6	101
1	0	5	7	78
1	0	6	0	4465
1	0	6	1	4652
1	0	6	2	650
1	0	6	3	671
1	0	6	4	126
1	0	6	5	140
1	0	6	6	113
1	0	6	7	141
1	0	7	0	97
1	0	7	1	110
1	0	7	2	86
1	0	7	3	118
1	0	7	4	437
1	0	7	5	191
1	0	7	6	2989
1	0	7	7	1342
1	1	0	0	91
1	1	0	1	322
1	1	0	2	156
1	1	0	3	392
1	1	0	4	197
1	1	0	5	408
1	1	0	6	207
1	1	0	7	768
1	1	1	0	195
1	1	1	1	106
1	1	1	2	71
1	1	1	3	61
1	1	1	4	65
1	1	1	5	65
1	1	1	6	76
1	1	1	7	79
1	1	2	0	652
1	1	2	1	184
1	1	2	2	504
1	1	2	3	171
1	1	2	4	359
1	1	2	5	143
1	1	2	6	263
1	1	2	7	86
1	1	3	0	70
1	1	3	1	114
1	1	3	2	69
1	1	3	3	72
1	1	3	4	66
1	1	3	5	80
1	1	3	6	111
1	1	3	7	111
1	1	4	0	96
1	1	4	1	170
1	1	4	2	99
1	1	4	3	178
1	1	4	4	232
1	1	4	5	208
1	1	4	6	682
1	1	4	7	461
1	1	5	0	791
1	1	5	1	714
1	1	5	2	183
1	1	5	3	173
1	1	5	4	76
1	1	5	5	74
1	1	5	6	76
1	1	5	7	96
1	1	6	0	4246
1	1	6	1	6939
1	1	6	2	1374
1	1	6	3	1400
1	1	6	4	382
1	1	6	5	268
1	1	6	6	269
1	1	6	7	160
1	1	7	0	114
1	1	7	1	116
1	1	7	2	157
1	1	7	3	161
1	1	7	4	687
1	1	7	5	1032
1	1	7	6	4904
1	1	7	7	6528
2	0	0	0	80
2	0	0	1	207
2	0	0	2	104
2	0	0	3	122
2	0	0	4	175
2	0	0	5	158
2	0	0	6	1233
2	0	0	7	413
2	0	1	0	2071
2	0	1	1	1834
2	0	1	2	453
2	0	1	3	382
2	0	1	4	175
2	0	1	5	146
2	0	1	6	111
2	0	1	7	127
2	0	2	0	631
2	0	2	1	374
2	0	2	2	127
2	0	2	3	134
2	0	2	4	116
2	0	2	5	234
2	0	2	6	122
2	0	2	7	82
2	0	3	0	198
2	0	3	1	124
2	0	3	2	129
2	0	3	3	116
2	0	3	4	171
2	0	3	5	187
2	0	3	6	386
2	0	3	7	509
2	0	4	0	416
2	0	4	1	2401
2	0	4	2	724
2	0	4	3	2985
2	0	4	4	920
2	0	4	5	3713
2	0	4	6	595
2	0	4	7	1852
2	0	5	0	212
2	0	5	1	192
2	0	5	2	180
2	0	5	3	117
2	0	5	4	343
2	0	5	5	136
2	0	5	6	151
2	0	5	7	148
2	0	6	0	1406
2	0	6	1	357
2	0	6	2	1927
2	0	6	3	432
2	0	6	4	2799
2	0	6	5	994
2	0	6	6	2577
2	0	6	7	590
2	0	7	0	147
2	0	7	1	120
2	0	7	2	140
2	0	7	3	155
2	0	7	4	132
2	0	7	5	163
2	0	7	6	151
2	0	7	7	181
2	1	0	0	147
2	1	0	1	110
2	1	0	2	151
2	1	0	3	118
2	1	0	4	301
2	1	0	5	215
2	1	0	6	1813
2	1	0	7	1983
2	1	1	0	2334
2	1	1	1	2893
2	1	1	2	160
2	1	1	3	159
2	1	1	4	101
2	1	1	5	97
2	1	1	6	92
2	1	1	7	72
2	1	2	0	272
2	1	2	1	272
2	1	2	2	421
2	1	2	3	103
2	1	2	4	83
2	1	2	5	123
2	1	2	6	110
2	1	2	7	105
2	1	3	0	78
2	1	3	1	72
2	1	3	2	94
2	1	3	3	92
2	1	3	4	77
2	1	3	5	111
2	1	3	6	190
2	1	3	7	199
2	1	4	0	172
2	1	4	1	182
2	1	4	2	185
2	1	4	3	170
2	1	4	4	166
2	1	4	5	213
2	1	4	6	214
2	1	4	7	283
2	1	5	0	2363
2	1	5	1	693
2	1	5	2	2824
2	1	5	3	900
2	1	5	4	1912
2	1	5	5	645
2	1	5	6	1302
2	1	5	7	302
2	1	6	0	187
2	1	6	1	215
2	1	6	2	138
2	1	6	3	140
2	1	6	4	157
2	1	6	5	142
2	1	6	6	158
2	1	6	7	161
2	1	7	0	359
2	1	7	1	1333
2	1	7	2	458
2	1	7	3	1593
2	1	7	4	500
2	1	7	5	1719
2	1	7	6	376
2	1	7	7	1191
3	0	0	0	115
3	0	0	1	58
3	0	0	2	106
3	0	0	3	78
3	0	0	4	107
3	0	0	5	87
3	0	0	6	311
3	0	0	7	210
3	0	1	0	417
3	0	1	1	383
3	0	1	2	131
3	0	1	3	118
3	0	1	4	106
3	0	1	5	99
3	0	1	6	94
3	0	1	7	94
3	0	2	0	157
3	0	2	1	202
3	0	2	2	83
3	0	2	3	106
3	0	2	4	62
3	0	2	5	85
3	0	2	6	85
3	0	2	7	93
3	0	3	0	93
3	0	3	1	96
3	0	3	2	90
3	0	3	3	100
3	0	3	4	116
3	0	3	5	102
3	0	3	6	291
3	0	3	7	292
3	0	4	0	292
3	0	4	1	817
3	0	4	2	269
3	0	4	3	940
3	0	4	4	254
3	0	4	5	863
3	0	4	6	279
3	0	4	7	415
3	0	5	0	159
3	0	5	1	264
3	0	5	2	125
3	0	5	3	115
3	0	5	4	198
3	0	5	5	189
3	0	5	6	319
3	0	5	7	247
3	0	6	0	807
3	0	6	1	338
3	0	6	2	961
3	0	6	3	465
3	0	6	4	1288
3	0	6	5	467
3	0	6	6	1072
3	0	6	7	410
3	0	7	0	301
3	0	7	1	303
3	0	7	2	230
3	0	7	3	266
3	0	7	4	174
3	0	7	5	216
3	0	7	6	167
3	0	7	7	195
3	1	0	0	105
3	1	0	1	111
3	1	0	2	117
3	1	0	3	122
3	1	0	4	116
3	1	0	5	143
3	1	0	6	449
3	1	0	7	478
3	1	1	0	259
3	1	1	1	401
3	1	1	2	172
3	1	1	3	89
3	1	1	4	122
3	1	1	5	93
3	1	1	6	98
3	1	1	7	67
3	1	2	0	304
3	1	2	1	289
3	1	2	2	109
3	1	2	3	100
3	1	2	4	107
3	1	2	5	121
3	1	2	6	95
3	1	2	7	98
3	1	3	0	68
3	1	3	1	92
3	1	3	2	86
3	1	3	3	124
3	1	3	4	98
3	1	3	5	180
3	1	3	6	337
3	1	3	7	896
3	1	4	0	272
3	1	4	1	242
3	1	4	2	311
3	1	4	3	164
3	1	4	4	92
3	1	4	5	131
3	1	4	6	174
3	1	4	7	224
3	1	5	0	1220
3	1	5	1	330
3	1	5	2	926
3	1	5	3	225
3	1	5	4	820
3	1	5	5	235
3	1	5	6	707
3	1	5	7	296
3	1	6	0	154
3	1	6	1	175
3	1	6	2	172
3	1	6	3	180
3	1	6	4	245
3	1	6	5	257
3	1	6	6	260
3	1	6	7	250
3	1	7	0	366
3	1	7	1	995
3	1	7	2	375
3	1	7	3	1230
3	1	7	4	300
3	1	7	5	926
3	1	7	6	226
3	1	7	7	701
4	0	0	0	71
4	0	0	1	74
4	0	0	2	88
4	0	0	3	98
4	0	0	4	80
4	0	0	5	183
4	0	0	6	226
4	0	0	7	188
4	0	1	0	250
4	0	1	1	181
4	0	1	2	291
4	0	1	3	202
4	0	1	4	398
4	0	1	5	207
4	0	1	6	376
4	0	1	7	190
4	0	2	0	171
4	0	2	1	128
4	0	2	2	173
4	0	2	3	89
4	0	2	4	71
4	0	2	5	88
4	0	2	6	77
4	0	2	7	85
4	0	3	0	138
4	0	3	1	202
4	0	3	2	165
4	0	3	3	249
4	0	3	4	193
4	0	3	5	302
4	0	3	6	203
4	0	3	7	241
4	0	4	0	96
4	0	4	1	103
4	0	4	2	112
4	0	4	3	109
4	0	4	4	181
4	0	4	5	329
4	0	4	6	661
4	0	4	7	927
4	0	5	0	1061
4	0	5	1	2806
4	0	5	2	296
4	0	5	3	461
4	0	5	4	120
4	0	5	5	153
4	0	5	6	103
4	0	5	7	118
4	0	6	0	1039
4	0	6	1	1070
4	0	6	2	286
4	0	6	3	196
4	0	6	4	97
4	0	6	5	103
4	0	6	6	95
4	0	6	7	106
4	0	7	0	125
4	0	7	1	113
4	0	7	2	141
4	0	7	3	118
4	0	7	4	216
4	0	7	5	158
4	0	7	6	701
4	0	7	7	397
4	1	0	0	217
4	1	0	1	623
4	1	0	2	281
4	1	0	3	855
4	1	0	4	259
4	1	0	5	584
4	1	0	6	238
4	1	0	7	465
4	1	1	0	233
4	1	1	1	177
4	1	1	2	79
4	1	1	3	77
4	1	1	4	71
4	1	1	5	83
4	1	1	6	69
4	1	1	7	81
4	1	2	0	253
4	1	2	1	307
4	1	2	2	397
4	1	2	3	131
4	1	2	4	468
4	1	2	5	326
4	1	2	6	471
4	1	2	7	132
4	1	3	0	84
4	1	3	1	152
4	1	3	2	86
4	1	3	3	76
4	1	3	4	72
4	1	3	5	74
4	1	3	6	124
4	1	3	7	110
4	1	4	0	95
4	1	4	1	112
4	1	4	2	88
4	1	4	3	115
4	1	4	4	165
4	1	4	5	179
4	1	4	6	464
4	1	4	7	495
4	1	5	0	388
4	1	5	1	377
4	1	5	2	143
4	1	5	3	137
4	1	5	4	91
4	1	5	5	92
4	1	5	6	95
4	1	5	7	87
4	1	6	0	449
4	1	6	1	1194
4	1	6	2	209
4	1	6	3	256
4	1	6	4	154
4	1	6	5	88
4	1	6	6	98
4	1	6	7	89
4	1	7	0	80
4	1	7	1	87
4	1	7	2	90
4	1	7	3	96
4	1	7	4	189
4	1	7	5	346
4	1	7	6	1334
4	1	7	7	2004
5	0	0	0	111
5	0	0	1	149
5	0	0	2	122
5	0	0	3	149
5	0	0	4	103
5	0	0	5	120
5	0	0	6	133
5	0	0	7	186
5	0	1	0	385
5	0	1	1	316
5	0	1	2	541
5	0	1	3	283
5	0	1	4	1002
5	0	1	5	927
5	0	1	6	793
5	0	1	7	307
5	0	2	0	150
5	0	2	1	117
5	0	2	2	102
5	0	2	3	108
5	0	2	4	118
5	0	2	5	116
5	0	2	6	127
5	0	2	7	192
5	0	3	0	289
5	0	3	1	679
5	0	3	2	310
5	0	3	3	779
5	0	3	4	225
5	0	3	5	627
5	0	3	6	236
5	0	3	7	244
5	0	4	0	81
5	0	4	1	83
5	0	4	2	91
5	0	4	3	77
5	0	4	4	116
5	0	4	5	144
5	0	4	6	368
5	0	4	7	443
5	0	5	0	457
5	0	5	1	408
5	0	5	2	175
5	0	5	3	160
5	0	5	4	100
5	0	5	5	92
5	0	5	6	76
5	0	5	7	136
5	0	6	0	1505
5	0	6	1	1513
5	0	6	2	352
5	0	6	3	201
5	0	6	4	97
5	0	6	5	98
5	0	6	6	93
5	0	6	7	108
5	0	7	0	91
5	0	7	1	82
5	0	7	2	107
5	0	7	3	82
5	0	7	4	233
5	0	7	5	218
5	0	7	6	939
5	0	7	7	487
5	1	0	0	187
5	1	0	1	561
5	1	0	2	248
5	1	0	3	738
5	1	0	4	417
5	1	0	5	490
5	1	0	6	159
5	1	0	7	357
5	1	1	0	152
5	1	1	1	153
5	1	1	2	102
5	1	1	3	102
5	1	1	4	126
5	1	1	5	104
5	1	1	6	142
5	1	1	7	137
5	1	2	0	255
5	1	2	1	284
5	1	2	2	421
5	1	2	3	185
5	1	2	4	523
5	1	2	5	234
5	1	2	6	492
5	1	2	7	156
5	1	3	0	126
5	1	3	1	110
5	1	3	2	80
5	1	3	3	111
5	1	3	4	195
5	1	3	5	91
5	1	3	6	94
5	1	3	7	106
5	1	4	0	115
5	1	4	1	180
5	1	4	2	126
5	1	4	3	177
5	1	4	4	133
5	1	4	5	302
5	1	4	6	526
5	1	4	7	976
5	1	5	0	510
5	1	5	1	330
5	1	5	2	188
5	1	5	3	108
5	1	5	4	80
5	1	5	5	82
5	1	5	6	96
5	1	5	7	100
5	1	6	0	8850
5	1	6	1	4382
5	1	6	2	1714
5	1	6	3	988
5	1	6	4	391
5	1	6	5	245
5	1	6	6	267
5	1	6	7	155
5	1	7	0	103
5	1	7	1	122
5	1	7	2	102
5	1	7	3	152
5	1	7	4	308
5	1	7	5	543
5	1	7	6	2276
5	1	7	7	3057
6	0	0	0	69
6	0	0	1	103
6	0	0	2	97
6	0	0	3	113
6	0	0	4	269
6	0	0	5	203
6	0	0	6	719
6	0	0	7	402
6	0	1	0	572
6	0	1	1	470
6	0	1	2	277
6	0	1	3	201
6	0	1	4	123
6	0	1	5	76
6	0	1	6	109
6	0	1	7	108
6	0	2	0	308
6	0	2	1	512
6	0	2	2	102
6	0	2	3	124
6	0	2	4	65
6	0	2	5	74
6	0	2	6	87
6	0	2	7	71
6	0	3	0	88
6	0	3	1	83
6	0	3	2	82
6	0	3	3	86
6	0	3	4	305
6	0	3	5	250
6	0	3	6	634
6	0	3	7	914
6	0	4	0	207
6	0	4	1	626
6	0	4	2	186
6	0	4	3	681
6	0	4	4	188
6	0	4	5	623
6	0	4	6	182
6	0	4	7	305
6	0	5	0	131
6	0	5	1	141
6	0	5	2	84
6	0	5	3	167
6	0	5	4	114
6	0	5	5	139
6	0	5	6	116
6	0	5	7	154
6	0	6	0	246
6	0	6	1	125
6	0	6	2	422
6	0	6	3	148
6	0	6	4	710
6	0	6	5	259
6	0	6	6	613
6	0	6	7	203
6	0	7	0	260
6	0	7	1	141
6	0	7	2	125
6	0	7	3	120
6	0	7	4	70
6	0	7	5	69
6	0	7	6	103
6	0	7	7	98
6	1	0	0	104
6	1	0	1	92
6	1	0	2	105
6	1	0	3	121
6	1	0	4	151
6	1	0	5	172
6	1	0	6	389
6	1	0	7	525
6	1	1	0	276
6	1	1	1	571
6	1	1	2	194
6	1	1	3	156
6	1	1	4	131
6	1	1	5	108
6	1	1	6	120
6	1	1	7	91
6	1	2	0	458
6	1	2	1	419
6	1	2	2	123
6	1	2	3	149
6	1	2	4	62
6	1	2	5	63
6	1	2	6	88
6	1	2	7	83
6	1	3	0	62
6	1	3	1	99
6	1	3	2	100
6	1	3	3	113
6	1	3	4	126
6	1	3	5	115
6	1	3	6	345
6	1	3	7	259
6	1	4	0	174
6	1	4	1	128
6	1	4	2	111
6	1	4	3	121
6	1	4	4	236
6	1	4	5	125
6	1	4	6	120
6	1	4	7	106
6	1	5	0	135
6	1	5	1	135
6	1	5	2	306
6	1	5	3	319
6	1	5	4	303
6	1	5	5	156
6	1	5	6	300
6	1	5	7	143
6	1	6	0	675
6	1	6	1	79
6	1	6	2	119
6	1	6	3	94
6	1	6	4	142
6	1	6	5	109
6	1	6	6	129
6	1	6	7	151
6	1	7	0	184
6	1	7	1	376
6	1	7	2	622
6	1	7	3	490
6	1	7	4	167
6	1	7	5	328
6	1	7	6	1194
6	1	7	7	245
7	0	0	0	88
7	0	0	1	130
7	0	0	2	137
7	0	0	3	131
7	0	0	4	163
7	0	0	5	161
7	0	0	6	862
7	0	0	7	483
7	0	1	0	1175
7	0	1	1	1128
7	0	1	2	222
7	0	1	3	287
7	0	1	4	151
7	0	1	5	107
7	0	1	6	81
7	0	1	7	178
7	0	2	0	471
7	0	2	1	671
7	0	2	2	179
7	0	2	3	191
7	0	2	4	115
7	0	2	5	81
7	0	2	6	99
7	0	2	7	80
7	0	3	0	77
7	0	3	1	101
7	0	3	2	121
7	0	3	3	86
7	0	3	4	161
7	0	3	5	210
7	0	3	6	741
7	0	3	7	919
7	0	4	0	205
7	0	4	1	465
7	0	4	2	240
7	0	4	3	564
7	0	4	4	149
7	0	4	5	393
7	0	4	6	185
7	0	4	7	235
7	0	5	0	113
7	0	5	1	107
7	0	5	2	84
7	0	5	3	85
7	0	5	4	104
7	0	5	5	71
7	0	5	6	81
7	0	5	7	83
7	0	6	0	1211
7	0	6	1	202
7	0	6	2	510
7	0	6	3	202
7	0	6	4	706
7	0	6	5	177
7	0	6	6	688
7	0	6	7	180
7	0	7	0	82
7	0	7	1	95
7	0	7	2	125
7	0	7	3	96
7	0	7	4	50
7	0	7	5	103
7	0	7	6	84
7	0	7	7	116
7	1	0	0	103
7	1	0	1	106
7	1	0	2	123
7	1	0	3	121
7	1	0	4	171
7	1	0	5	215
7	1	0	6	1175
7	1	0	7	1336
7	1	1	0	697
7	1	1	1	1154
7	1	1	2	275
7	1	1	3	181
7	1	1	4	182
7	1	1	5	99
7	1	1	6	150
7	1	1	7	83
7	1	2	0	485
7	1	2	1	514
7	1	2	2	171
7	1	2	3	117
7	1	2	4	115
7	1	2	5	93
7	1	2	6	121
7	1	2	7	77
7	1	3	0	84
7	1	3	1	159
7	1	3	2	93
7	1	3	3	155
7	1	3	4	160
7	1	3	5	172
7	1	3	6	456
7	1	3	7	332
7	1	4	0	97
7	1	4	1	85
7	1	4	2	69
7	1	4	3	103
7	1	4	4	100
7	1	4	5	123
7	1	4	6	129
7	1	4	7	129
7	1	5	0	391
7	1	5	1	187
7	1	5	2	496
7	1	5	3	201
7	1	5	4	950
7	1	5	5	198
7	1	5	6	418
7	1	5	7	189
7	1	6	0	139
7	1	6	1	154
7	1	6	2	752
7	1	6	3	68
7	1	6	4	164
7	1	6	5	73
7	1	6	6	100
7	1	6	7	85
7	1	7	0	164
7	1	7	1	528
7	1	7	2	235
7	1	7	3	581
7	1	7	4	207
7	1	7	5	466
7	1	7	6	213
7	1	7	7	453
